Sn6 I12
& CELL_PARAMETERS {angstrom}
14.824414 0.000000 -0.466698
0.000000 4.511706 0.000000
0.000000 0.000000 11.166451
Sn I
6 12
ATOMIC_POSITIONS {alat}
Sn 0.000000 0.000000 0.000000 
Sn 0.732365 0.000000 0.689023 
Sn 0.767635 0.500000 0.310977 
Sn 0.500000 0.500000 0.000000 
Sn 0.232365 0.500000 0.689023 
Sn 0.267635 0.000000 0.310977 
I 0.914528 0.000000 0.265092 
I 0.585472 0.500000 0.734908 
I 0.643322 0.000000 0.439716 
I 0.856678 0.500000 0.560284 
I 0.641551 0.000000 0.081009 
I 0.858449 0.500000 0.918991 
I 0.414528 0.500000 0.265092
I 0.085472 0.000000 0.734908 
I 0.143322 0.500000 0.439716 
I 0.356678 0.000000 0.560284 
I 0.141551 0.500000 0.081009 
I 0.358449 0.000000 0.918991
