CELL_PARAMETERS (angstrom)
   7.859964894   0.000000000   0.000000000
   0.000000000   7.859964894   0.000000000
   0.000000000   0.000000000   7.859964894
CELL_PARAMETERS (angstrom)
   7.860042353   0.000000000   0.000000000
   0.000000000   7.860042353   0.000000000
   0.000000000   0.000000000   7.860042353
CELL_PARAMETERS (angstrom)
   7.863064086   0.000000000   0.000000000
   0.000000000   7.863064086   0.000000000
   0.000000000   0.000000000   7.863064086
CELL_PARAMETERS (angstrom)
   7.860095279   0.000000000   0.000000000
   0.000000000   7.860095279   0.000000000
   0.000000000   0.000000000   7.860095279
CELL_PARAMETERS (angstrom)
   7.866027556   0.000000000   0.000000000
   0.000000000   7.866027556   0.000000000
   0.000000000   0.000000000   7.866027556
CELL_PARAMETERS (angstrom)
   7.860199842   0.000000000   0.000000000
   0.000000000   7.860199842   0.000000000
   0.000000000   0.000000000   7.860199842
CELL_PARAMETERS (angstrom)
   7.860064971   0.000000000   0.000000000
   0.000000000   7.860064971   0.000000000
   0.000000000   0.000000000   7.860064971
CELL_PARAMETERS (angstrom)
   7.859976693   0.000000000   0.000000000
   0.000000000   7.859976693   0.000000000
   0.000000000   0.000000000   7.859976693
CELL_PARAMETERS (angstrom)
   7.864622563   0.000000000   0.000000000
   0.000000000   7.864622563   0.000000000
   0.000000000   0.000000000   7.864622563
CELL_PARAMETERS (angstrom)
   7.862482044   0.000000000   0.000000000
   0.000000000   7.862482044   0.000000000
   0.000000000   0.000000000   7.862482044
CELL_PARAMETERS (angstrom)
   7.862929827   0.000000000   0.000000000
   0.000000000   7.862929827   0.000000000
   0.000000000   0.000000000   7.862929827
CELL_PARAMETERS (angstrom)
   7.865269598   0.000000000   0.000000000
   0.000000000   7.865269598   0.000000000
   0.000000000   0.000000000   7.865269598
CELL_PARAMETERS (angstrom)
   7.864860794   0.000000000   0.000000000
   0.000000000   7.864860794   0.000000000
   0.000000000   0.000000000   7.864860794
CELL_PARAMETERS (angstrom)
   7.864908049   0.000000000   0.000000000
   0.000000000   7.864908049   0.000000000
   0.000000000   0.000000000   7.864908049
