#  E (eV)   dos(E)     Int dos(E) EFermi =    2.724 eV
 -15.000  0.1562E-84  0.1562E-85
 -14.900  0.1562E-84  0.3123E-85
 -14.800  0.1562E-84  0.4685E-85
 -14.700  0.1562E-84  0.6246E-85
 -14.600  0.1562E-84  0.7808E-85
 -14.500  0.1562E-84  0.9369E-85
 -14.400  0.1562E-84  0.1093E-84
 -14.300  0.1562E-84  0.1249E-84
 -14.200  0.1562E-84  0.1405E-84
 -14.100  0.1562E-84  0.1562E-84
 -14.000  0.1562E-84  0.1718E-84
 -13.900  0.1562E-84  0.1874E-84
 -13.800  0.1562E-84  0.2030E-84
 -13.700  0.1562E-84  0.2186E-84
 -13.600  0.1562E-84  0.2342E-84
 -13.500  0.1562E-84  0.2498E-84
 -13.400  0.1562E-84  0.2655E-84
 -13.300  0.1562E-84  0.2811E-84
 -13.200  0.1562E-84  0.2967E-84
 -13.100  0.1562E-84  0.3123E-84
 -13.000  0.1562E-84  0.3279E-84
 -12.900  0.1562E-84  0.3435E-84
 -12.800  0.1562E-84  0.3592E-84
 -12.700  0.1562E-84  0.3748E-84
 -12.600  0.1562E-84  0.3904E-84
 -12.500  0.1562E-84  0.4060E-84
 -12.400  0.1562E-84  0.4216E-84
 -12.300  0.1562E-84  0.4372E-84
 -12.200  0.1562E-84  0.4529E-84
 -12.100  0.1562E-84  0.4685E-84
 -12.000  0.1562E-84  0.4841E-84
 -11.900  0.1562E-84  0.4997E-84
 -11.800  0.1562E-84  0.5153E-84
 -11.700  0.1562E-84  0.5309E-84
 -11.600  0.1562E-84  0.5465E-84
 -11.500  0.1562E-84  0.5622E-84
 -11.400  0.1562E-84  0.5778E-84
 -11.300  0.1562E-84  0.5934E-84
 -11.200  0.1562E-84  0.6090E-84
 -11.100  0.1562E-84  0.6246E-84
 -11.000  0.1562E-84  0.6402E-84
 -10.900  0.1562E-84  0.6559E-84
 -10.800  0.1562E-84  0.6715E-84
 -10.700  0.1562E-84  0.6871E-84
 -10.600  0.1562E-84  0.7027E-84
 -10.500  0.1562E-84  0.7183E-84
 -10.400  0.1562E-84  0.7339E-84
 -10.300  0.1562E-84  0.7495E-84
 -10.200  0.1562E-84  0.7652E-84
 -10.100  0.1562E-84  0.7808E-84
 -10.000  0.1562E-84  0.7964E-84
  -9.900  0.1562E-84  0.8120E-84
  -9.800  0.1562E-84  0.8276E-84
  -9.700  0.1562E-84  0.8432E-84
  -9.600  0.1562E-84  0.8589E-84
  -9.500  0.1562E-84  0.8745E-84
  -9.400  0.1215E-75  0.1215E-76
  -9.300  0.1381E-64  0.1381E-65
  -9.200  0.2136E-54  0.2136E-55
  -9.100  0.4502E-45  0.4502E-46
  -9.000  0.1294E-36  0.1294E-37
  -8.900  0.5081E-29  0.5081E-30
  -8.800  0.2730E-22  0.2730E-23
  -8.700  0.2013E-16  0.2013E-17
  -8.600  0.2046E-11  0.2046E-12
  -8.500  0.2886E-07  0.2886E-08
  -8.400  0.5717E-04  0.5720E-05
  -8.300  0.1626E-01  0.1631E-02
  -8.200  0.6964E+00  0.7128E-01
  -8.100  0.5065E+01  0.5778E+00
  -8.000  0.8403E+01  0.1418E+01
  -7.900  0.4806E+01  0.1899E+01
  -7.800  0.9632E+00  0.1995E+01
  -7.700  0.4902E-01  0.2000E+01
  -7.600  0.4833E-03  0.2000E+01
  -7.500  0.7864E-06  0.2000E+01
  -7.400  0.1942E-09  0.2000E+01
  -7.300  0.6977E-14  0.2000E+01
  -7.200  0.3562E-19  0.2000E+01
  -7.100  0.2549E-25  0.2000E+01
  -7.000  0.2536E-32  0.2000E+01
  -6.900  0.4001E-40  0.2000E+01
  -6.800  0.5224E-33  0.2000E+01
  -6.700  0.7304E-26  0.2000E+01
  -6.600  0.1418E-19  0.2000E+01
  -6.500  0.3852E-14  0.2000E+01
  -6.400  0.1478E-09  0.2000E+01
  -6.300  0.8121E-06  0.2000E+01
  -6.200  0.6542E-03  0.2000E+01
  -6.100  0.8054E-01  0.2008E+01
  -6.000  0.1659E+01  0.2174E+01
  -5.900  0.7056E+01  0.2880E+01
  -5.800  0.8348E+01  0.3714E+01
  -5.700  0.2683E+01  0.3983E+01
  -5.600  0.1705E+00  0.4000E+01
  -5.500  0.1740E-02  0.4000E+01
  -5.400  0.2622E-05  0.4000E+01
  -5.300  0.5621E-09  0.4000E+01
  -5.200  0.1685E-13  0.4000E+01
  -5.100  0.1287E-18  0.4000E+01
  -5.000  0.1057E-13  0.4000E+01
  -4.900  0.2704E-09  0.4000E+01
  -4.800  0.1010E-05  0.4000E+01
  -4.700  0.5773E-03  0.4000E+01
  -4.600  0.5519E-01  0.4006E+01
  -4.500  0.1045E+01  0.4110E+01
  -4.400  0.5102E+01  0.4620E+01
  -4.300  0.9644E+01  0.5585E+01
  -4.200  0.1214E+02  0.6798E+01
  -4.100  0.9530E+01  0.7751E+01
  -4.000  0.2366E+01  0.7988E+01
  -3.900  0.1188E+00  0.8000E+01
  -3.800  0.1019E-02  0.8000E+01
  -3.700  0.1392E-05  0.8000E+01
  -3.600  0.2905E-09  0.8000E+01
  -3.500  0.8983E-14  0.8000E+01
  -3.400  0.4018E-19  0.8000E+01
  -3.300  0.2553E-25  0.8000E+01
  -3.200  0.2276E-32  0.8000E+01
  -3.100  0.2821E-40  0.8000E+01
  -3.000  0.4832E-49  0.8000E+01
  -2.900  0.1139E-58  0.8000E+01
  -2.800  0.3680E-69  0.8000E+01
  -2.700  0.1627E-80  0.8000E+01
  -2.600  0.1562E-84  0.8000E+01
  -2.500  0.1562E-84  0.8000E+01
  -2.400  0.1562E-84  0.8000E+01
  -2.300  0.1562E-84  0.8000E+01
  -2.200  0.1562E-84  0.8000E+01
  -2.100  0.1562E-84  0.8000E+01
  -2.000  0.1562E-84  0.8000E+01
  -1.900  0.1562E-84  0.8000E+01
  -1.800  0.1562E-84  0.8000E+01
  -1.700  0.1562E-84  0.8000E+01
  -1.600  0.1562E-84  0.8000E+01
  -1.500  0.1562E-84  0.8000E+01
  -1.400  0.1562E-84  0.8000E+01
  -1.300  0.1562E-84  0.8000E+01
  -1.200  0.1562E-84  0.8000E+01
  -1.100  0.1562E-84  0.8000E+01
  -1.000  0.1562E-84  0.8000E+01
  -0.900  0.1562E-84  0.8000E+01
  -0.800  0.1562E-84  0.8000E+01
  -0.700  0.1562E-84  0.8000E+01
  -0.600  0.1633E-84  0.8000E+01
  -0.500  0.3280E-74  0.8000E+01
  -0.400  0.2035E-63  0.8000E+01
  -0.300  0.1713E-53  0.8000E+01
  -0.200  0.1957E-44  0.8000E+01
  -0.100  0.3044E-36  0.8000E+01
   0.000  0.6464E-29  0.8000E+01
   0.100  0.1884E-22  0.8000E+01
   0.200  0.7602E-17  0.8000E+01
   0.300  0.4301E-12  0.8000E+01
   0.400  0.3481E-08  0.8000E+01
   0.500  0.4167E-05  0.8000E+01
   0.600  0.7843E-03  0.8000E+01
   0.700  0.2678E-01  0.8003E+01
   0.800  0.2369E+00  0.8026E+01
   0.900  0.9445E+00  0.8121E+01
   1.000  0.2477E+01  0.8369E+01
   1.100  0.5017E+01  0.8870E+01
   1.200  0.5909E+01  0.9461E+01
   1.300  0.3158E+01  0.9777E+01
   1.400  0.1207E+01  0.9898E+01
   1.500  0.7177E+00  0.9969E+01
   1.600  0.8870E+00  0.1006E+02
   1.700  0.1572E+01  0.1022E+02
   1.800  0.3266E+01  0.1054E+02
   1.900  0.5301E+01  0.1107E+02
   2.000  0.5324E+01  0.1160E+02
   2.100  0.4112E+01  0.1202E+02
   2.200  0.2832E+01  0.1230E+02
   2.300  0.2635E+01  0.1256E+02
   2.400  0.3454E+01  0.1291E+02
   2.500  0.5274E+01  0.1344E+02
   2.600  0.4268E+01  0.1386E+02
   2.700  0.1235E+01  0.1399E+02
   2.800  0.1399E+00  0.1400E+02
   2.900  0.4747E-02  0.1400E+02
   3.000  0.3179E-04  0.1400E+02
   3.100  0.3410E-07  0.1400E+02
   3.200  0.5399E-11  0.1400E+02
   3.300  0.1219E-15  0.1400E+02
   3.400  0.3856E-21  0.1400E+02
   3.500  0.1694E-27  0.1400E+02
   3.600  0.1027E-34  0.1400E+02
   3.700  0.8568E-43  0.1400E+02
   3.800  0.9804E-52  0.1400E+02
   3.900  0.1535E-61  0.1400E+02
   4.000  0.3286E-72  0.1400E+02
   4.100  0.1116E-83  0.1400E+02
   4.200  0.1562E-84  0.1400E+02
   4.300  0.1562E-84  0.1400E+02
   4.400  0.1562E-84  0.1400E+02
   4.500  0.1562E-84  0.1400E+02
   4.600  0.1562E-84  0.1400E+02
   4.700  0.2673E-83  0.1400E+02
   4.800  0.7523E-72  0.1400E+02
   4.900  0.3043E-61  0.1400E+02
   5.000  0.1666E-51  0.1400E+02
   5.100  0.1234E-42  0.1400E+02
   5.200  0.1237E-34  0.1400E+02
   5.300  0.1679E-27  0.1400E+02
   5.400  0.3083E-21  0.1400E+02
   5.500  0.7663E-16  0.1400E+02
   5.600  0.2578E-11  0.1400E+02
   5.700  0.1174E-07  0.1400E+02
   5.800  0.7240E-05  0.1400E+02
   5.900  0.6124E-03  0.1400E+02
   6.000  0.7888E-02  0.1400E+02
   6.100  0.2750E-01  0.1400E+02
   6.200  0.5088E-01  0.1401E+02
   6.300  0.6462E-01  0.1402E+02
   6.400  0.9077E-01  0.1402E+02
   6.500  0.1081E+00  0.1404E+02
   6.600  0.1591E+00  0.1405E+02
   6.700  0.3869E+00  0.1409E+02
   6.800  0.6294E+00  0.1415E+02
   6.900  0.8665E+00  0.1424E+02
   7.000  0.1123E+01  0.1435E+02
   7.100  0.1352E+01  0.1449E+02
   7.200  0.1642E+01  0.1465E+02
   7.300  0.2228E+01  0.1487E+02
   7.400  0.2827E+01  0.1516E+02
   7.500  0.3186E+01  0.1548E+02
   7.600  0.3529E+01  0.1583E+02
   7.700  0.3594E+01  0.1619E+02
   7.800  0.3307E+01  0.1652E+02
   7.900  0.3062E+01  0.1682E+02
   8.000  0.2736E+01  0.1710E+02
   8.100  0.2416E+01  0.1734E+02
   8.200  0.1908E+01  0.1753E+02
   8.300  0.1354E+01  0.1767E+02
   8.400  0.1016E+01  0.1777E+02
   8.500  0.7205E+00  0.1784E+02
   8.600  0.4851E+00  0.1789E+02
   8.700  0.3585E+00  0.1792E+02
   8.800  0.2729E+00  0.1795E+02
   8.900  0.2121E+00  0.1797E+02
   9.000  0.1316E+00  0.1799E+02
   9.100  0.7266E-01  0.1799E+02
   9.200  0.4192E-01  0.1800E+02
   9.300  0.1908E-01  0.1800E+02
   9.400  0.1045E-01  0.1800E+02
   9.500  0.1786E-02  0.1800E+02
   9.600  0.4335E-04  0.1800E+02
