Sn8 I32
& CELL_PARAMETERS{angstrom}
13.357616 0.000000 0.000000
0.000000 13.357616 0.000000
0.000000 0.000000 13.357616
Sn I
8 32
ATOMIC_POSITIONS{alat}
Sn 0.130117 0.130117 0.130117 
Sn 0.369883 0.869883 0.630117
Sn 0.630117 0.369883 0.869883 
Sn 0.869883 0.630117 0.369883 
Sn 0.869883 0.869883 0.869883 
Sn 0.630117 0.130117 0.369883 
Sn 0.369883 0.630117 0.130117 
Sn 0.130117 0.369883 0.630117 
I 0.246949 0.246949 0.246949
I 0.253051 0.753051 0.746949 
I 0.746949 0.253051 0.753051 
I 0.753051 0.746949 0.253051 
I 0.753051 0.753051 0.753051 
I 0.746949 0.246949 0.253051 
I 0.253051 0.746949 0.246949
I 0.246949 0.253051 0.746949
I 0.019432 0.007675 0.248063
I 0.248063 0.019432 0.007675
I 0.007675 0.248063 0.019432
I 0.492325 0.751937 0.519432
I 0.748063 0.480568 0.992325
I 0.992325 0.748063 0.480568
I 0.251937 0.980568 0.507675
I 0.751937 0.519432 0.492325
I 0.507675 0.251937 0.980568
I 0.519432 0.492325 0.751937
I 0.980568 0.507675 0.251937
I 0.480568 0.992325 0.748063
I 0.980568 0.992325 0.751937
I 0.751937 0.980568 0.992325
I 0.992325 0.751937 0.980568
I 0.507675 0.248063 0.480568
I 0.251937 0.519432 0.007675
I 0.007675 0.251937 0.519432
I 0.748063 0.019432 0.492325
I 0.248063 0.480568 0.507675
I 0.492325 0.748063 0.019432
I 0.480568 0.507675 0.248063
I 0.019432 0.492325 0.748063
I 0.519432 0.007675 0.251937
