#  E (eV)   dos(E)     Int dos(E) EFermi =    3.405 eV
 -15.000  0.1405E-83  0.1405E-84
 -14.900  0.1405E-83  0.2811E-84
 -14.800  0.1405E-83  0.4216E-84
 -14.700  0.1405E-83  0.5622E-84
 -14.600  0.1405E-83  0.7027E-84
 -14.500  0.1405E-83  0.8432E-84
 -14.400  0.1405E-83  0.9838E-84
 -14.300  0.1405E-83  0.1124E-83
 -14.200  0.1405E-83  0.1265E-83
 -14.100  0.1405E-83  0.1405E-83
 -14.000  0.1405E-83  0.1546E-83
 -13.900  0.1405E-83  0.1686E-83
 -13.800  0.1405E-83  0.1827E-83
 -13.700  0.1405E-83  0.1968E-83
 -13.600  0.1405E-83  0.2108E-83
 -13.500  0.1405E-83  0.2249E-83
 -13.400  0.1405E-83  0.2389E-83
 -13.300  0.1405E-83  0.2530E-83
 -13.200  0.1405E-83  0.2670E-83
 -13.100  0.1405E-83  0.2811E-83
 -13.000  0.1405E-83  0.2951E-83
 -12.900  0.1405E-83  0.3092E-83
 -12.800  0.1405E-83  0.3232E-83
 -12.700  0.1405E-83  0.3373E-83
 -12.600  0.1405E-83  0.3514E-83
 -12.500  0.1405E-83  0.3654E-83
 -12.400  0.1405E-83  0.3795E-83
 -12.300  0.1405E-83  0.3935E-83
 -12.200  0.1405E-83  0.4076E-83
 -12.100  0.1405E-83  0.4216E-83
 -12.000  0.1405E-83  0.4357E-83
 -11.900  0.1405E-83  0.4497E-83
 -11.800  0.1405E-83  0.4638E-83
 -11.700  0.1405E-83  0.4778E-83
 -11.600  0.1405E-83  0.4919E-83
 -11.500  0.1405E-83  0.5059E-83
 -11.400  0.1405E-83  0.5200E-83
 -11.300  0.1405E-83  0.5341E-83
 -11.200  0.1405E-83  0.5481E-83
 -11.100  0.1405E-83  0.5622E-83
 -11.000  0.1405E-83  0.5762E-83
 -10.900  0.1405E-83  0.5903E-83
 -10.800  0.1405E-83  0.6043E-83
 -10.700  0.1405E-83  0.6184E-83
 -10.600  0.3858E-80  0.3920E-81
 -10.500  0.8498E-69  0.8498E-70
 -10.400  0.2549E-58  0.2549E-59
 -10.300  0.1043E-48  0.1043E-49
 -10.200  0.5838E-40  0.5838E-41
 -10.100  0.4482E-32  0.4482E-33
 -10.000  0.4741E-25  0.4741E-26
  -9.900  0.6954E-19  0.6954E-20
  -9.800  0.1427E-13  0.1427E-14
  -9.700  0.4148E-09  0.4148E-10
  -9.600  0.1744E-05  0.1745E-06
  -9.500  0.1101E-02  0.1102E-03
  -9.400  0.1119E+00  0.1130E-01
  -9.300  0.2141E+01  0.2254E+00
  -9.200  0.1081E+02  0.1306E+01
  -9.100  0.2283E+02  0.3589E+01
  -9.000  0.2707E+02  0.6296E+01
  -8.900  0.3655E+02  0.9950E+01
  -8.800  0.6378E+02  0.1633E+02
  -8.700  0.5647E+02  0.2198E+02
  -8.600  0.1874E+02  0.2385E+02
  -8.500  0.1484E+01  0.2400E+02
  -8.400  0.2072E-01  0.2400E+02
  -8.300  0.4512E-04  0.2400E+02
  -8.200  0.1454E-07  0.2400E+02
  -8.100  0.6752E-12  0.2400E+02
  -8.000  0.4443E-17  0.2400E+02
  -7.900  0.4101E-23  0.2400E+02
  -7.800  0.5269E-30  0.2400E+02
  -7.700  0.9371E-38  0.2400E+02
  -7.600  0.2297E-46  0.2400E+02
  -7.500  0.7737E-56  0.2400E+02
  -7.400  0.5197E-66  0.2400E+02
  -7.300  0.4597E-56  0.2400E+02
  -7.200  0.1771E-46  0.2400E+02
  -7.100  0.9308E-38  0.2400E+02
  -7.000  0.6674E-30  0.2400E+02
  -6.900  0.6528E-23  0.2400E+02
  -6.800  0.8707E-17  0.2400E+02
  -6.700  0.1583E-11  0.2400E+02
  -6.600  0.3923E-07  0.2400E+02
  -6.500  0.1324E-03  0.2400E+02
  -6.400  0.6089E-01  0.2401E+02
  -6.300  0.3811E+01  0.2439E+02
  -6.200  0.3246E+02  0.2763E+02
  -6.100  0.3761E+02  0.3139E+02
  -6.000  0.5926E+01  0.3199E+02
  -5.900  0.1269E+00  0.3200E+02
  -5.800  0.3695E-03  0.3200E+02
  -5.700  0.1461E-06  0.3200E+02
  -5.600  0.7851E-11  0.3200E+02
  -5.500  0.5727E-16  0.3200E+02
  -5.400  0.5672E-22  0.3200E+02
  -5.300  0.8624E-24  0.3200E+02
  -5.200  0.1374E-17  0.3200E+02
  -5.100  0.3124E-12  0.3200E+02
  -5.000  0.1020E-07  0.3200E+02
  -4.900  0.4797E-04  0.3200E+02
  -4.800  0.3249E-01  0.3200E+02
  -4.700  0.3164E+01  0.3232E+02
  -4.600  0.4407E+02  0.3673E+02
  -4.500  0.8747E+02  0.4547E+02
  -4.400  0.2537E+02  0.4801E+02
  -4.300  0.2940E+01  0.4830E+02
  -4.200  0.2987E+01  0.4860E+02
  -4.100  0.3882E+01  0.4899E+02
  -4.000  0.5343E+01  0.4953E+02
  -3.900  0.6980E+01  0.5022E+02
  -3.800  0.8445E+01  0.5107E+02
  -3.700  0.8104E+01  0.5188E+02
  -3.600  0.7845E+01  0.5266E+02
  -3.500  0.7361E+01  0.5340E+02
  -3.400  0.6897E+01  0.5409E+02
  -3.300  0.6050E+01  0.5469E+02
  -3.200  0.4462E+01  0.5514E+02
  -3.100  0.2889E+01  0.5543E+02
  -3.000  0.2221E+01  0.5565E+02
  -2.900  0.1408E+01  0.5579E+02
  -2.800  0.1074E+01  0.5590E+02
  -2.700  0.6464E+00  0.5596E+02
  -2.600  0.2990E+00  0.5599E+02
  -2.500  0.6718E-01  0.5600E+02
  -2.400  0.2917E-02  0.5600E+02
  -2.300  0.1827E-04  0.5600E+02
  -2.200  0.1567E-07  0.5600E+02
  -2.100  0.1822E-11  0.5600E+02
  -2.000  0.2869E-16  0.5600E+02
  -1.900  0.6114E-22  0.5600E+02
  -1.800  0.1763E-28  0.5600E+02
  -1.700  0.6904E-36  0.5600E+02
  -1.600  0.1103E-30  0.5600E+02
  -1.500  0.7472E-24  0.5600E+02
  -1.400  0.6999E-18  0.5600E+02
  -1.300  0.9173E-13  0.5600E+02
  -1.200  0.1715E-08  0.5600E+02
  -1.100  0.4725E-05  0.5600E+02
  -1.000  0.2031E-02  0.5600E+02
  -0.900  0.1498E+00  0.5602E+02
  -0.800  0.2230E+01  0.5624E+02
  -0.700  0.9096E+01  0.5715E+02
  -0.600  0.1631E+02  0.5878E+02
  -0.500  0.1884E+02  0.6066E+02
  -0.400  0.1690E+02  0.6235E+02
  -0.300  0.1395E+02  0.6375E+02
  -0.200  0.1200E+02  0.6495E+02
  -0.100  0.1190E+02  0.6614E+02
   0.000  0.1148E+02  0.6729E+02
   0.100  0.1166E+02  0.6845E+02
   0.200  0.1594E+02  0.7005E+02
   0.300  0.2220E+02  0.7227E+02
   0.400  0.1539E+02  0.7381E+02
   0.500  0.1379E+02  0.7519E+02
   0.600  0.1844E+02  0.7703E+02
   0.700  0.1273E+02  0.7830E+02
   0.800  0.1221E+02  0.7952E+02
   0.900  0.2806E+02  0.8233E+02
   1.000  0.3795E+02  0.8612E+02
   1.100  0.2375E+02  0.8850E+02
   1.200  0.3389E+02  0.9189E+02
   1.300  0.4458E+02  0.9635E+02
   1.400  0.4068E+02  0.1004E+03
   1.500  0.2791E+02  0.1032E+03
   1.600  0.1095E+02  0.1043E+03
   1.700  0.2014E+02  0.1063E+03
   1.800  0.3545E+02  0.1099E+03
   1.900  0.3725E+02  0.1136E+03
   2.000  0.3608E+02  0.1172E+03
   2.100  0.3143E+02  0.1203E+03
   2.200  0.2190E+02  0.1225E+03
   2.300  0.1415E+02  0.1239E+03
   2.400  0.1138E+02  0.1251E+03
   2.500  0.8120E+01  0.1259E+03
   2.600  0.6250E+01  0.1265E+03
   2.700  0.5171E+01  0.1270E+03
   2.800  0.3436E+01  0.1274E+03
   2.900  0.2816E+01  0.1277E+03
   3.000  0.1623E+01  0.1278E+03
   3.100  0.8866E+00  0.1279E+03
   3.200  0.4790E+00  0.1280E+03
   3.300  0.1738E+00  0.1280E+03
   3.400  0.1831E+00  0.1280E+03
   3.500  0.7139E-01  0.1280E+03
   3.600  0.3914E-02  0.1280E+03
   3.700  0.4394E-04  0.1280E+03
   3.800  0.2505E-02  0.1280E+03
   3.900  0.5805E-01  0.1280E+03
   4.000  0.2398E+00  0.1280E+03
   4.100  0.6339E+00  0.1281E+03
   4.200  0.1176E+01  0.1282E+03
   4.300  0.2239E+01  0.1284E+03
   4.400  0.3570E+01  0.1288E+03
   4.500  0.4946E+01  0.1293E+03
   4.600  0.5969E+01  0.1299E+03
   4.700  0.5751E+01  0.1305E+03
   4.800  0.4712E+01  0.1309E+03
   4.900  0.3243E+01  0.1313E+03
   5.000  0.2100E+01  0.1315E+03
   5.100  0.1675E+01  0.1316E+03
   5.200  0.1402E+01  0.1318E+03
   5.300  0.7572E+00  0.1318E+03
   5.400  0.4803E+00  0.1319E+03
   5.500  0.6018E+00  0.1320E+03
   5.600  0.3856E+00  0.1320E+03
   5.700  0.5614E-01  0.1320E+03
   5.800  0.1330E-02  0.1320E+03
