#  E (eV)   dos(E)     Int dos(E) EFermi =    3.049 eV
 -15.000  0.1374E-83  0.1374E-84
 -14.900  0.1374E-83  0.2748E-84
 -14.800  0.1374E-83  0.4123E-84
 -14.700  0.1374E-83  0.5497E-84
 -14.600  0.1374E-83  0.6871E-84
 -14.500  0.1374E-83  0.8245E-84
 -14.400  0.1374E-83  0.9619E-84
 -14.300  0.1374E-83  0.1099E-83
 -14.200  0.1374E-83  0.1237E-83
 -14.100  0.1374E-83  0.1374E-83
 -14.000  0.1374E-83  0.1512E-83
 -13.900  0.1374E-83  0.1649E-83
 -13.800  0.1374E-83  0.1786E-83
 -13.700  0.1374E-83  0.1924E-83
 -13.600  0.1374E-83  0.2061E-83
 -13.500  0.1374E-83  0.2199E-83
 -13.400  0.1374E-83  0.2336E-83
 -13.300  0.1374E-83  0.2474E-83
 -13.200  0.1374E-83  0.2611E-83
 -13.100  0.1374E-83  0.2748E-83
 -13.000  0.1374E-83  0.2886E-83
 -12.900  0.1374E-83  0.3023E-83
 -12.800  0.1374E-83  0.3161E-83
 -12.700  0.1374E-83  0.3298E-83
 -12.600  0.1374E-83  0.3435E-83
 -12.500  0.1374E-83  0.3573E-83
 -12.400  0.1374E-83  0.3710E-83
 -12.300  0.1374E-83  0.3848E-83
 -12.200  0.1374E-83  0.3985E-83
 -12.100  0.1374E-83  0.4123E-83
 -12.000  0.1374E-83  0.4260E-83
 -11.900  0.1374E-83  0.4397E-83
 -11.800  0.1374E-83  0.4535E-83
 -11.700  0.1374E-83  0.4672E-83
 -11.600  0.1374E-83  0.4810E-83
 -11.500  0.1374E-83  0.4947E-83
 -11.400  0.1374E-83  0.5084E-83
 -11.300  0.1374E-83  0.5222E-83
 -11.200  0.1374E-83  0.5359E-83
 -11.100  0.1374E-83  0.5497E-83
 -11.000  0.1374E-83  0.5634E-83
 -10.900  0.1374E-83  0.5772E-83
 -10.800  0.1374E-83  0.5909E-83
 -10.700  0.1374E-83  0.6046E-83
 -10.600  0.1374E-83  0.6184E-83
 -10.500  0.1374E-83  0.6321E-83
 -10.400  0.1374E-83  0.6459E-83
 -10.300  0.2346E-82  0.8805E-83
 -10.200  0.7999E-71  0.7999E-72
 -10.100  0.3945E-60  0.3945E-61
 -10.000  0.2656E-50  0.2656E-51
  -9.900  0.2446E-41  0.2446E-42
  -9.800  0.3087E-33  0.3087E-34
  -9.700  0.5361E-26  0.5361E-27
  -9.600  0.1286E-19  0.1286E-20
  -9.500  0.4277E-14  0.4277E-15
  -9.400  0.1985E-09  0.1985E-10
  -9.300  0.1293E-05  0.1293E-06
  -9.200  0.1189E-02  0.1190E-03
  -9.100  0.1556E+00  0.1568E-01
  -9.000  0.3013E+01  0.3169E+00
  -8.900  0.1074E+02  0.1391E+01
  -8.800  0.1631E+02  0.3022E+01
  -8.700  0.2842E+02  0.5864E+01
  -8.600  0.4086E+02  0.9950E+01
  -8.500  0.5532E+02  0.1548E+02
  -8.400  0.6295E+02  0.2178E+02
  -8.300  0.2088E+02  0.2387E+02
  -8.200  0.1331E+01  0.2400E+02
  -8.100  0.1455E-01  0.2400E+02
  -8.000  0.2592E-04  0.2400E+02
  -7.900  0.7187E-08  0.2400E+02
  -7.800  0.2979E-12  0.2400E+02
  -7.700  0.1786E-17  0.2400E+02
  -7.600  0.1516E-23  0.2400E+02
  -7.500  0.1795E-30  0.2400E+02
  -7.400  0.2936E-38  0.2400E+02
  -7.300  0.6599E-47  0.2400E+02
  -7.200  0.2030E-56  0.2400E+02
  -7.100  0.8685E-67  0.2400E+02
  -7.000  0.5590E-58  0.2400E+02
  -6.900  0.2751E-48  0.2400E+02
  -6.800  0.1845E-39  0.2400E+02
  -6.700  0.1689E-31  0.2400E+02
  -6.600  0.2116E-24  0.2400E+02
  -6.500  0.3644E-18  0.2400E+02
  -6.400  0.8682E-13  0.2400E+02
  -6.300  0.2893E-08  0.2400E+02
  -6.200  0.1371E-04  0.2400E+02
  -6.100  0.9484E-02  0.2400E+02
  -6.000  0.9904E+00  0.2410E+02
  -5.900  0.1623E+02  0.2572E+02
  -5.800  0.4296E+02  0.3002E+02
  -5.700  0.1853E+02  0.3187E+02
  -5.600  0.1281E+01  0.3200E+02
  -5.500  0.1376E-01  0.3200E+02
  -5.400  0.2220E-04  0.3200E+02
  -5.300  0.5220E-08  0.3200E+02
  -5.200  0.1750E-12  0.3200E+02
  -5.100  0.8235E-18  0.3200E+02
  -5.000  0.2827E-20  0.3200E+02
  -4.900  0.1259E-14  0.3200E+02
  -4.800  0.7727E-10  0.3200E+02
  -4.700  0.6593E-06  0.3200E+02
  -4.600  0.7953E-03  0.3200E+02
  -4.500  0.1411E+00  0.3201E+02
  -4.400  0.4134E+01  0.3243E+02
  -4.300  0.2836E+02  0.3526E+02
  -4.200  0.7053E+02  0.4232E+02
  -4.100  0.4993E+02  0.4731E+02
  -4.000  0.6742E+01  0.4799E+02
  -3.900  0.1490E+00  0.4800E+02
  -3.800  0.5084E-03  0.4800E+02
  -3.700  0.2417E-05  0.4800E+02
  -3.600  0.1817E-02  0.4800E+02
  -3.500  0.2286E+00  0.4802E+02
  -3.400  0.4500E+01  0.4847E+02
  -3.300  0.1556E+02  0.5003E+02
  -3.200  0.1635E+02  0.5166E+02
  -3.100  0.1754E+02  0.5342E+02
  -3.000  0.1509E+02  0.5493E+02
  -2.900  0.8600E+01  0.5579E+02
  -2.800  0.2038E+01  0.5599E+02
  -2.700  0.8508E-01  0.5600E+02
  -2.600  0.5191E-03  0.5600E+02
  -2.500  0.4474E-06  0.5600E+02
  -2.400  0.5377E-10  0.5600E+02
  -2.300  0.8942E-15  0.5600E+02
  -2.200  0.2048E-20  0.5600E+02
  -2.100  0.6437E-27  0.5600E+02
  -2.000  0.2770E-34  0.5600E+02
  -1.900  0.1629E-42  0.5600E+02
  -1.800  0.1307E-51  0.5600E+02
  -1.700  0.1429E-61  0.5600E+02
  -1.600  0.2127E-72  0.5600E+02
  -1.500  0.1024E-75  0.5600E+02
  -1.400  0.1164E-64  0.5600E+02
  -1.300  0.1802E-54  0.5600E+02
  -1.200  0.3802E-45  0.5600E+02
  -1.100  0.1095E-36  0.5600E+02
  -1.000  0.4321E-29  0.5600E+02
  -0.900  0.2343E-22  0.5600E+02
  -0.800  0.1755E-16  0.5600E+02
  -0.700  0.1833E-11  0.5600E+02
  -0.600  0.2700E-07  0.5600E+02
  -0.500  0.5733E-04  0.5600E+02
  -0.400  0.1818E-01  0.5600E+02
  -0.300  0.9188E+00  0.5609E+02
  -0.200  0.8442E+01  0.5694E+02
  -0.100  0.1944E+02  0.5888E+02
   0.000  0.1876E+02  0.6076E+02
   0.100  0.1260E+02  0.6202E+02
   0.200  0.1252E+02  0.6327E+02
   0.300  0.1872E+02  0.6514E+02
   0.400  0.2498E+02  0.6764E+02
   0.500  0.2597E+02  0.7024E+02
   0.600  0.2536E+02  0.7277E+02
   0.700  0.2799E+02  0.7557E+02
   0.800  0.1727E+02  0.7730E+02
   0.900  0.1306E+02  0.7861E+02
   1.000  0.2138E+02  0.8074E+02
   1.100  0.2225E+02  0.8297E+02
   1.200  0.1807E+02  0.8478E+02
   1.300  0.2237E+02  0.8701E+02
   1.400  0.3053E+02  0.9007E+02
   1.500  0.2901E+02  0.9297E+02
   1.600  0.3014E+02  0.9598E+02
   1.700  0.3146E+02  0.9913E+02
   1.800  0.3645E+02  0.1028E+03
   1.900  0.3844E+02  0.1066E+03
   2.000  0.3232E+02  0.1098E+03
   2.100  0.2902E+02  0.1128E+03
   2.200  0.3082E+02  0.1158E+03
   2.300  0.2524E+02  0.1184E+03
   2.400  0.1597E+02  0.1200E+03
   2.500  0.1053E+02  0.1210E+03
   2.600  0.1033E+02  0.1220E+03
   2.700  0.1238E+02  0.1233E+03
   2.800  0.1523E+02  0.1248E+03
   2.900  0.1800E+02  0.1266E+03
   3.000  0.1130E+02  0.1277E+03
   3.100  0.2536E+01  0.1280E+03
   3.200  0.1569E+00  0.1280E+03
   3.300  0.1950E-02  0.1280E+03
