#  E (eV)   dos(E)     Int dos(E) EFermi =    1.198 eV
 -15.000  0.4997E-84  0.4997E-85
 -14.900  0.4997E-84  0.9994E-85
 -14.800  0.4997E-84  0.1499E-84
 -14.700  0.4997E-84  0.1999E-84
 -14.600  0.4997E-84  0.2498E-84
 -14.500  0.4997E-84  0.2998E-84
 -14.400  0.4997E-84  0.3498E-84
 -14.300  0.4997E-84  0.3998E-84
 -14.200  0.4997E-84  0.4497E-84
 -14.100  0.4997E-84  0.4997E-84
 -14.000  0.4997E-84  0.5497E-84
 -13.900  0.4997E-84  0.5996E-84
 -13.800  0.4997E-84  0.6496E-84
 -13.700  0.4997E-84  0.6996E-84
 -13.600  0.4997E-84  0.7495E-84
 -13.500  0.4997E-84  0.7995E-84
 -13.400  0.4997E-84  0.8495E-84
 -13.300  0.4997E-84  0.8995E-84
 -13.200  0.4997E-84  0.9494E-84
 -13.100  0.4997E-84  0.9994E-84
 -13.000  0.4997E-84  0.1049E-83
 -12.900  0.4997E-84  0.1099E-83
 -12.800  0.4997E-84  0.1149E-83
 -12.700  0.4997E-84  0.1199E-83
 -12.600  0.4997E-84  0.1249E-83
 -12.500  0.4997E-84  0.1299E-83
 -12.400  0.4997E-84  0.1349E-83
 -12.300  0.4997E-84  0.1399E-83
 -12.200  0.4997E-84  0.1449E-83
 -12.100  0.4997E-84  0.1499E-83
 -12.000  0.4997E-84  0.1549E-83
 -11.900  0.4997E-84  0.1599E-83
 -11.800  0.4997E-84  0.1649E-83
 -11.700  0.4997E-84  0.1699E-83
 -11.600  0.4997E-84  0.1749E-83
 -11.500  0.4997E-84  0.1799E-83
 -11.400  0.4997E-84  0.1849E-83
 -11.300  0.4997E-84  0.1899E-83
 -11.200  0.4997E-84  0.1949E-83
 -11.100  0.4997E-84  0.1999E-83
 -11.000  0.4997E-84  0.2049E-83
 -10.900  0.4997E-84  0.2099E-83
 -10.800  0.4997E-84  0.2149E-83
 -10.700  0.4997E-84  0.2199E-83
 -10.600  0.2635E-83  0.2462E-83
 -10.500  0.9769E-72  0.9769E-73
 -10.400  0.6032E-61  0.6032E-62
 -10.300  0.5115E-51  0.5115E-52
 -10.200  0.5978E-42  0.5978E-43
 -10.100  0.9682E-34  0.9682E-35
 -10.000  0.2184E-26  0.2184E-27
  -9.900  0.6902E-20  0.6902E-21
  -9.800  0.3073E-14  0.3073E-15
  -9.700  0.1938E-09  0.1938E-10
  -9.600  0.1739E-05  0.1739E-06
  -9.500  0.2232E-02  0.2234E-03
  -9.400  0.4117E+00  0.4140E-01
  -9.300  0.1098E+02  0.1139E+01
  -9.200  0.4254E+02  0.5393E+01
  -9.100  0.2406E+02  0.7799E+01
  -9.000  0.1986E+01  0.7998E+01
  -8.900  0.2381E-01  0.8000E+01
  -8.800  0.4107E-04  0.8000E+01
  -8.700  0.1008E-07  0.8000E+01
  -8.600  0.3476E-12  0.8000E+01
  -8.500  0.1669E-17  0.8000E+01
  -8.400  0.1107E-23  0.8000E+01
  -8.300  0.1008E-30  0.8000E+01
  -8.200  0.1254E-38  0.8000E+01
  -8.100  0.2128E-47  0.8000E+01
  -8.000  0.1880E-45  0.8000E+01
  -7.900  0.7191E-37  0.8000E+01
  -7.800  0.3742E-29  0.8000E+01
  -7.700  0.2654E-22  0.8000E+01
  -7.600  0.2574E-16  0.8000E+01
  -7.500  0.3433E-11  0.8000E+01
  -7.400  0.6348E-07  0.8000E+01
  -7.300  0.1651E-03  0.8000E+01
  -7.200  0.6184E-01  0.8006E+01
  -7.100  0.3439E+01  0.8350E+01
  -7.000  0.2933E+02  0.1128E+02
  -6.900  0.3895E+02  0.1518E+02
  -6.800  0.7968E+01  0.1598E+02
  -6.700  0.2440E+00  0.1600E+02
  -6.600  0.1087E-02  0.1600E+02
  -6.500  0.6913E-06  0.1600E+02
  -6.400  0.6209E-10  0.1600E+02
  -6.300  0.7839E-15  0.1600E+02
  -6.200  0.1388E-20  0.1600E+02
  -6.100  0.1206E-19  0.1600E+02
  -6.000  0.5023E-14  0.1600E+02
  -5.900  0.2864E-09  0.1600E+02
  -5.800  0.2247E-05  0.1600E+02
  -5.700  0.2457E-02  0.1600E+02
  -5.600  0.3894E+00  0.1604E+02
  -5.500  0.1011E+02  0.1705E+02
  -5.400  0.5551E+02  0.2260E+02
  -5.300  0.7364E+02  0.2997E+02
  -5.200  0.1949E+02  0.3192E+02
  -5.100  0.8503E+00  0.3200E+02
  -5.000  0.5617E-02  0.3200E+02
  -4.900  0.5408E-05  0.3200E+02
  -4.800  0.7420E-09  0.3200E+02
  -4.700  0.1430E-13  0.3200E+02
  -4.600  0.3837E-19  0.3200E+02
  -4.500  0.1425E-25  0.3200E+02
  -4.400  0.7302E-33  0.3200E+02
  -4.300  0.5147E-41  0.3200E+02
  -4.200  0.4983E-50  0.3200E+02
  -4.100  0.6617E-60  0.3200E+02
  -4.000  0.1204E-70  0.3200E+02
  -3.900  0.3042E-82  0.3200E+02
  -3.800  0.4997E-84  0.3200E+02
  -3.700  0.4997E-84  0.3200E+02
  -3.600  0.4997E-84  0.3200E+02
  -3.500  0.4997E-84  0.3200E+02
  -3.400  0.4997E-84  0.3200E+02
  -3.300  0.4997E-84  0.3200E+02
  -3.200  0.4997E-84  0.3200E+02
  -3.100  0.4997E-84  0.3200E+02
  -3.000  0.4997E-84  0.3200E+02
  -2.900  0.4997E-84  0.3200E+02
  -2.800  0.4997E-84  0.3200E+02
  -2.700  0.4997E-84  0.3200E+02
  -2.600  0.4997E-84  0.3200E+02
  -2.500  0.4997E-84  0.3200E+02
  -2.400  0.4997E-84  0.3200E+02
  -2.300  0.4997E-84  0.3200E+02
  -2.200  0.4997E-84  0.3200E+02
  -2.100  0.4997E-84  0.3200E+02
  -2.000  0.4997E-84  0.3200E+02
  -1.900  0.4997E-84  0.3200E+02
  -1.800  0.4997E-84  0.3200E+02
  -1.700  0.4997E-84  0.3200E+02
  -1.600  0.4997E-84  0.3200E+02
  -1.500  0.8271E-84  0.3200E+02
  -1.400  0.1638E-72  0.3200E+02
  -1.300  0.1101E-61  0.3200E+02
  -1.200  0.1002E-51  0.3200E+02
  -1.100  0.1234E-42  0.3200E+02
  -1.000  0.2056E-34  0.3200E+02
  -0.900  0.4636E-27  0.3200E+02
  -0.800  0.1415E-20  0.3200E+02
  -0.700  0.5846E-15  0.3200E+02
  -0.600  0.3270E-10  0.3200E+02
  -0.500  0.2481E-06  0.3200E+02
  -0.400  0.2579E-03  0.3200E+02
  -0.300  0.3868E-01  0.3200E+02
  -0.200  0.1041E+01  0.3211E+02
  -0.100  0.7971E+01  0.3291E+02
   0.000  0.2370E+02  0.3528E+02
   0.100  0.2973E+02  0.3825E+02
   0.200  0.1505E+02  0.3975E+02
   0.300  0.2387E+01  0.3999E+02
   0.400  0.7805E-01  0.4000E+02
   0.500  0.7960E-01  0.4001E+02
   0.600  0.1599E+01  0.4017E+02
   0.700  0.9764E+01  0.4114E+02
   0.800  0.2600E+02  0.4374E+02
   0.900  0.3799E+02  0.4754E+02
   1.000  0.3640E+02  0.5118E+02
   1.100  0.3188E+02  0.5437E+02
   1.200  0.1431E+02  0.5580E+02
   1.300  0.1917E+01  0.5599E+02
   1.400  0.6385E-01  0.5600E+02
