CELL_PARAMETERS (angstrom)
   7.399370338  -0.002154162   0.000000000
  -0.002154162   7.399370338   0.000000000
   0.000000000   0.000000000   4.674145877
CELL_PARAMETERS (angstrom)
   7.507768429   0.000311971   0.000000000
   0.000311971   7.507768429   0.000000000
   0.000000000   0.000000000   4.872780518
CELL_PARAMETERS (angstrom)
   7.479255262   0.000175931   0.000000000
   0.000175931   7.479255262   0.000000000
   0.000000000   0.000000000   4.834537226
CELL_PARAMETERS (angstrom)
   7.511737235  -0.000010091   0.000000000
  -0.000010091   7.511737235   0.000000000
   0.000000000   0.000000000   4.853519905
CELL_PARAMETERS (angstrom)
   7.526458535   0.000003112   0.000000000
   0.000003112   7.526458535   0.000000000
   0.000000000   0.000000000   4.856666831
CELL_PARAMETERS (angstrom)
   7.519766816   0.000201491   0.000000000
   0.000201491   7.519766816   0.000000000
   0.000000000   0.000000000   4.884758016
CELL_PARAMETERS (angstrom)
   7.521462705  -0.000333932   0.000000000
  -0.000333932   7.521462705   0.000000000
   0.000000000   0.000000000   4.877303900
CELL_PARAMETERS (angstrom)
   7.406997183   0.000000000   0.000000000
   0.000000000   7.406997183   0.000000000
   0.000000000   0.000000000   4.667673084
CELL_PARAMETERS (angstrom)
   7.518049269   0.000000000   0.000000000
   0.000000000   7.518049269   0.000000000
   0.000000000   0.000000000   4.872346355
CELL_PARAMETERS (angstrom)
   7.480014402   0.000000000   0.000000000
   0.000000000   7.480014402   0.000000000
   0.000000000   0.000000000   4.831686704
CELL_PARAMETERS (angstrom)
   7.517348244   0.000000000   0.000000000
   0.000000000   7.517348244   0.000000000
   0.000000000   0.000000000   4.841267285
CELL_PARAMETERS (angstrom)
   7.530120570   0.000000000   0.000000000
   0.000000000   7.530120570   0.000000000
   0.000000000   0.000000000   4.857457402
CELL_PARAMETERS (angstrom)
   7.520351823   0.000000000   0.000000000
   0.000000000   7.520351823   0.000000000
   0.000000000   0.000000000   4.858384285
CELL_PARAMETERS (angstrom)
   7.523156528   0.000000000   0.000000000
   0.000000000   7.523156528   0.000000000
   0.000000000   0.000000000   4.858329942
