CELL_PARAMETERS (angstrom)
   6.453479251   0.000000000   0.000000000
   0.000000000   6.453479251   0.000000000
   0.000000000   0.000000000   6.453479251
CELL_PARAMETERS (angstrom)
   7.044224427   0.000000000   0.000000000
   0.000000000   7.044224427   0.000000000
   0.000000000   0.000000000   7.044224427
CELL_PARAMETERS (angstrom)
   6.683987957   0.000000000   0.000000000
   0.000000000   6.683987957   0.000000000
   0.000000000   0.000000000   6.683987957
CELL_PARAMETERS (angstrom)
   6.888372065   0.000000000   0.000000000
   0.000000000   6.888372065   0.000000000
   0.000000000   0.000000000   6.888372065
CELL_PARAMETERS (angstrom)
   7.048012107   0.000000000   0.000000000
   0.000000000   7.048012107   0.000000000
   0.000000000   0.000000000   7.048012107
CELL_PARAMETERS (angstrom)
   7.302871532   0.000000000   0.000000000
   0.000000000   7.302871532   0.000000000
   0.000000000   0.000000000   7.302871532
CELL_PARAMETERS (angstrom)
   7.355430954   0.000000000   0.000000000
   0.000000000   7.355430954   0.000000000
   0.000000000   0.000000000   7.355430954
CELL_PARAMETERS (angstrom)
   6.454187911   0.000000000   0.000000000
   0.000000000   6.454187911   0.000000000
   0.000000000   0.000000000   6.454187911
CELL_PARAMETERS (angstrom)
   7.047463528   0.000000000   0.000000000
   0.000000000   7.047463528   0.000000000
   0.000000000   0.000000000   7.047463528
CELL_PARAMETERS (angstrom)
   6.685003843   0.000000000   0.000000000
   0.000000000   6.685003843   0.000000000
   0.000000000   0.000000000   6.685003843
CELL_PARAMETERS (angstrom)
   6.888103438   0.000000000   0.000000000
   0.000000000   6.888103438   0.000000000
   0.000000000   0.000000000   6.888103438
CELL_PARAMETERS (angstrom)
   7.020532844   0.000000000   0.000000000
   0.000000000   7.020532844   0.000000000
   0.000000000   0.000000000   7.020532844
CELL_PARAMETERS (angstrom)
   7.215212803   0.000000000   0.000000000
   0.000000000   7.215212803   0.000000000
   0.000000000   0.000000000   7.215212803
CELL_PARAMETERS (angstrom)
   7.256584503   0.000000000   0.000000000
   0.000000000   7.256584503   0.000000000
   0.000000000   0.000000000   7.256584503
