CELL_PARAMETERS (angstrom)
   4.768417242   0.000000000   0.000000000
   0.000000000   4.768417242   0.000000000
   0.000000000   0.000000000   4.768417242
CELL_PARAMETERS (angstrom)
   4.769387186   0.000000000   0.000000000
   0.000000000   4.769387186   0.000000000
   0.000000000   0.000000000   4.769387186
CELL_PARAMETERS (angstrom)
   4.770283869   0.000000000   0.000000000
   0.000000000   4.770283869   0.000000000
   0.000000000   0.000000000   4.770283869
CELL_PARAMETERS (angstrom)
   4.771580908   0.000000000   0.000000000
   0.000000000   4.771580908   0.000000000
   0.000000000   0.000000000   4.771580908
CELL_PARAMETERS (angstrom)
   4.771262241   0.000000000   0.000000000
   0.000000000   4.771262241   0.000000000
   0.000000000   0.000000000   4.771262241
CELL_PARAMETERS (angstrom)
   4.769182216   0.000000000   0.000000000
   0.000000000   4.769182216   0.000000000
   0.000000000   0.000000000   4.769182216
CELL_PARAMETERS (angstrom)
   4.772736411   0.000000000   0.000000000
   0.000000000   4.772736411   0.000000000
   0.000000000   0.000000000   4.772736411
