Gen   ID    Origin   Composition    Enthalpy   Volume  Density   Fitness   KPOINTS  SYMM  Q_entr A_order S_order
                                      (eV)     (A^3)  (g/cm^3)
  1    5   Random    [      8    ] -1240.022    75.963   2.100  -1240.022  [ 3  3  3]  12  0.000  2.790  2.797
  2   21  Heredity   [      8    ] -1240.106    75.137   2.123  -1240.106  [ 3  3  3]  12  0.000  2.922  2.929
  3   54   RandTop   [      8    ] -1240.281    81.688   1.953  -1240.281  [ 3  5  2]  12  0.000  2.870  2.877
  4   77   RandTop   [      8    ] -1240.284    81.750   1.952  -1240.284  [ 3  5  2]  12  0.000  2.872  2.878
  5  105 keptBest    [      8    ] -1240.284    81.750   1.952  -1240.284  [ 3  5  2]  12  0.000  2.872  2.878
  6  131   RandTop   [      8    ] -1240.311    81.144   1.966  -1240.311  [ 4  2  3]  12  0.000  2.877  2.883
  7  149 keptBest    [      8    ] -1240.311    81.144   1.966  -1240.311  [ 4  2  3]  12  0.000  2.877  2.883
  8  168 keptBest    [      8    ] -1240.311    81.144   1.966  -1240.311  [ 4  2  3]  12  0.000  2.877  2.883
  9  198 keptBest    [      8    ] -1240.311    81.144   1.966  -1240.311  [ 4  2  3]  12  0.000  2.877  2.883
 10  212 keptBest    [      8    ] -1240.311    81.144   1.966  -1240.311  [ 4  2  3]  12  0.000  2.877  2.883
