Gen   ID    Origin   Composition    Enthalpy   Volume  Density   Fitness   KPOINTS  SYMM  Q_entr A_order S_order
                                      (eV)     (A^3)  (g/cm^3)
  1    1   Random    [      8    ] -1235.531    60.150   2.653  -1235.531  [ 3  3  4]   2  0.112  1.825  1.635
  1    2   Random    [      8    ] -1237.578    48.136   3.315  -1237.578  [ 3  3  4] 139  0.000  2.450  2.459
  1    3   Random    [      8    ] -1232.857    60.353   2.644  -1232.857  [ 3  3  3]  20  0.102  2.073  1.867
  1    4   Random    [      8    ] -1227.768    55.989   2.850  -1227.768  [ 3  3  3] 224  0.000  3.303  3.310
  1    5   Random    [      8    ] -1240.022    75.963   2.100  -1240.022  [ 3  3  3]  12  0.000  2.790  2.797
  1    6   Random    [      8    ] -1239.047    45.604   3.499  -1239.047  [ 4  3  2] 227  0.000  3.618  3.624
  1    7   Random    [      8    ] -1239.168    45.578   3.501  -1239.168  [ 3  3  3] 227  0.000  3.642  3.648
  1    8   Random    [      8    ] -1237.065    52.808   3.021  -1237.065  [ 3  4  4]  12  0.130  1.781  1.539
  1    9   Random    [      8    ] -1236.067    83.809   1.904  -1236.067  [ 3  3  3] 123  0.000  2.589  2.596
  1   10   Random    [      8    ] -1231.446    58.065   2.748  -1231.446  [ 3  3  3]   1  0.125  1.896  1.671
  1   11   RandTop   [      8    ] -1234.701    56.948   2.802  -1234.701  [ 2  4  3]  65  0.058  2.194  2.081
  1   12   RandTop   [      8    ] -1236.213    93.273   1.711  -1236.213  [ 4  2  3]   2  0.133  2.416  2.095
  1   13   RandTop   [      8    ] -1235.793    53.940   2.958  -1235.793  [ 4  5  2]  65  0.186  2.295  1.798
  1   14   RandTop   [      8    ] -1232.130    58.538   2.726  -1232.130  [ 3  4  3]  21  0.110  1.958  1.744
  1   15   RandTop   [      8    ] -1237.082    62.543   2.551  -1237.082  [ 3  3  4]  74  0.054  2.130  2.031
  1   16   RandTop   [      8    ] -1235.954    64.500   2.474  -1235.954  [ 5  3  2]  65  0.146  2.224  1.887
  1   17   RandTop   [      8    ] -1236.252    52.916   3.015  -1236.252  [ 3  4  3]  74  0.000  2.058  2.068
  1   18   RandTop   [      8    ] -1239.035    45.629   3.497  -1239.035  [ 4  2  3] 227  0.000  3.612  3.618
  1   19   RandTop   [      8    ] -1232.461    57.895   2.756  -1232.461  [ 3  3  3]   3  0.131  2.035  1.770
  2   20  Heredity   [      8    ] -1230.868    56.808   2.809  -1230.868  [ 2  4  3]   3  0.100  2.095  1.883
  2   21  Heredity   [      8    ] -1240.106    75.137   2.123  -1240.106  [ 3  3  3]  12  0.000  2.922  2.929
  2   22  Heredity   [      8    ] -1230.609    66.713   2.392  -1230.609  [ 3  3  4]  16  0.139  2.172  1.809
  2   23  Heredity   [      8    ] -1233.816    75.573   2.111  -1233.816  [ 3  2  3]   1  0.165  2.076  1.699
  2   24  Heredity   [      8    ] -1231.950    55.397   2.880  -1231.950  [ 3  3  4]   8  0.167  1.807  1.473
  2   25  Heredity   [      8    ] -1235.424    71.953   2.217  -1235.424  [ 3  3  3]  38  0.120  2.237  1.944
  2   26  Heredity   [      8    ] -1235.678    63.280   2.521  -1235.678  [ 3  3  4]   1  0.107  1.863  1.681
  2   27   Random    [      8    ] -1239.047    45.600   3.499  -1239.047  [ 2  3  4] 227  0.000  3.620  3.626
  2   28   Random    [      8    ] -1235.969    82.689   1.930  -1235.969  [ 3  2  3]  10  0.011  2.400  2.383
  2   29   Random    [      8    ] -1239.048    45.603   3.499  -1239.048  [ 4  3  2] 227  0.000  3.619  3.625
  2   30   RandTop   [      8    ] -1227.767    56.010   2.849  -1227.767  [ 3  3  3] 224  0.000  3.311  3.317
  2   31   RandTop   [      8    ] -1237.832    47.921   3.330  -1237.832  [ 3  3  4]  10  0.111  1.974  1.765
  2   32 softmutate  [      8    ] -1238.017    78.437   2.034  -1238.017  [ 2  2  5]  71  0.148  2.683  2.249
  2   33 softmutate  [      8    ] -1233.277    64.161   2.487  -1233.277  [ 3  3  3]   1  0.185  1.808  1.443
  2   34 keptBest    [      8    ] -1240.022    75.963   2.100  -1240.022  [ 3  3  3]  12  0.000  2.790  2.797
  2   35 keptBest    [      8    ] -1239.168    45.578   3.501  -1239.168  [ 3  3  3] 227  0.000  3.642  3.648
  2   36 keptBest    [      8    ] -1236.252    52.916   3.015  -1236.252  [ 3  4  3]  74  0.000  2.058  2.068
  2   37  Heredity   [      8    ] -1235.581    89.697   1.779  -1235.581  [ 3  3  3]   2  0.066  2.344  2.205
  2   38   RandTop   [      8    ] -1233.806    96.755   1.649  -1233.806  [ 3  4  2]  65  0.118  2.503  2.196
  2   39 softmutate  [      8    ] -1233.876    91.240   1.749  -1233.876  [ 3  3  4]   2  0.064  2.441  2.296
  2   40 softmutate  [      8    ] -1238.377    78.593   2.030  -1238.377  [ 3  3  3]  12  0.097  2.395  2.160
  2   41 softmutate  [      8    ] -1240.045    76.393   2.089  -1240.045  [ 3  3  3]  69  0.000  2.811  2.818
  2   42 softmutate  [      8    ] -1235.388    69.617   2.292  -1235.388  [ 3  2  5]   1  0.130  2.182  1.907
  2   43 softmutate  [      8    ] -1236.468    58.629   2.721  -1236.468  [ 4  3  4]  12  0.130  2.120  1.824
  3   44  Heredity   [      8    ] -1233.909    73.575   2.169  -1233.909  [ 3  3  3]   8  0.092  1.873  1.716
  3   45  Heredity   [      8    ] -1234.072    77.150   2.068  -1234.072  [ 3  3  3]   1  0.160  1.982  1.656
  3   46  Heredity   [      8    ] -1240.041    76.636   2.082  -1240.041  [ 3  3  3]  12  0.000  2.761  2.767
  3   47  Heredity   [      8    ] -1237.053    63.262   2.522  -1237.053  [ 3  3  4]  15  0.037  1.960  1.904
  3   48  Heredity   [      8    ] -1237.054    63.254   2.522  -1237.054  [ 3  3  4]  15  0.037  1.961  1.905
  3   49  Heredity   [      8    ] -1230.631    60.722   2.628  -1230.631  [ 3  3  3] 111  0.043  2.660  2.558
  3   50  Heredity   [      8    ] -1237.094    62.412   2.556  -1237.094  [ 4  3  3]  74  0.053  2.135  2.038
  3   51   Random    [      8    ] -1235.424    71.914   2.219  -1235.424  [ 3  3  3]  38  0.120  2.235  1.944
  3   52   Random    [      8    ] -1232.504    76.833   2.077  -1232.504  [ 3  3  3]  35  0.089  2.262  2.075
  3   53   Random    [      8    ] -1236.327    64.970   2.456  -1236.327  [ 3  4  3]  12  0.073  1.972  1.840
  3   54   RandTop   [      8    ] -1240.281    81.688   1.953  -1240.281  [ 3  5  2]  12  0.000  2.870  2.877
  3   55 softmutate  [      8    ] -1240.248    85.306   1.870  -1240.248  [ 3  2  5] 166  0.000  3.368  3.373
  3   56 softmutate  [      8    ] -1240.029    80.318   1.987  -1240.029  [ 3  3  3]  12  0.000  2.836  2.842
  3   57 softmutate  [      8    ] -1240.225    78.522   2.032  -1240.225  [ 3  2  5]   2  0.004  2.836  2.832
  3   58 keptBest    [      8    ] -1240.106    75.137   2.123  -1240.106  [ 3  3  3]  12  0.000  2.922  2.929
  3   59 keptBest    [      8    ] -1239.168    45.578   3.501  -1239.168  [ 3  3  3] 227  0.000  3.642  3.648
  3   60 keptBest    [      8    ] -1236.468    58.629   2.721  -1236.468  [ 4  3  4]  12  0.130  2.120  1.824
  3   61  Heredity   [      8    ] -1238.339    80.065   1.993  -1238.339  [ 3  3  3]   2  0.097  2.408  2.170
  3   62   RandTop   [      8    ] -1232.762    82.640   1.931  -1232.762  [ 3  3  3]   1  0.209  2.136  1.604
  3   63 softmutate  [      8    ] -1235.690    63.268   2.522  -1235.690  [ 4  3  3]   1  0.107  1.863  1.681
  3   64 softmutate  [      8    ] -1240.270    80.625   1.979  -1240.270  [ 5  2  2]  12  0.000  2.888  2.894
  3   65 softmutate  [      8    ] -1237.338    88.660   1.800  -1237.338  [ 3  3  4]   2  0.026  2.315  2.268
  3   66 softmutate  [      8    ] -1237.351    80.907   1.972  -1237.351  [ 3  3  3]   2  0.027  2.169  2.125
  4   67  Heredity   [      8    ] -1233.550    67.354   2.369  -1233.550  [ 3  3  3]   1  0.194  1.837  1.441
  4   68  Heredity   [      8    ] -1232.275    93.124   1.713  -1232.275  [ 3  3  2]   1  0.212  2.285  1.684
  4   69  Heredity   [      8    ] -1236.403    94.267   1.693  -1236.403  [ 3  2  3]   2  0.135  2.472  2.134
  4   70  Heredity   [      8    ] -1232.876    62.895   2.537  -1232.876  [ 3  2  4]   1  0.164  1.867  1.547
  4   71  Heredity   [      8    ] -1240.119    74.956   2.129  -1240.119  [ 3  3  3]  12  0.000  2.936  2.943
  4   72  Heredity   [      8    ] -1232.935    65.904   2.421  -1232.935  [ 3  4  2]   1  0.161  2.339  1.951
  4   73   Random    [      8    ] -1233.688   113.102   1.411  -1233.688  [ 3  4  2]   2  0.175  2.529  2.006
  4   74   Random    [      8    ] -1232.404    59.223   2.694  -1232.404  [ 3  3  3]   3  0.103  1.815  1.646
  4   75   Random    [      8    ] -1240.093    75.057   2.126  -1240.093  [ 3  3  3]  12  0.000  2.936  2.942
  4   76   RandTop   [      8    ] -1240.282    81.885   1.949  -1240.282  [ 3  5  2]  12  0.001  2.879  2.882
  4   77   RandTop   [      8    ] -1240.284    81.750   1.952  -1240.284  [ 3  5  2]  12  0.000  2.872  2.878
  4   78 softmutate  [      8    ] -1240.116    75.952   2.101  -1240.116  [ 3  3  3]   2  0.000  2.726  2.733
  4   79 keptBest    [      8    ] -1240.281    81.688   1.953  -1240.281  [ 3  5  2]  12  0.000  2.870  2.877
  4   80 keptBest    [      8    ] -1239.168    45.578   3.501  -1239.168  [ 3  3  3] 227  0.000  3.642  3.648
  4   81 keptBest    [      8    ] -1238.339    80.065   1.993  -1238.339  [ 3  3  3]   2  0.097  2.408  2.170
  4   82  Heredity   [      8    ] -1234.714    81.205   1.965  -1234.714  [ 3  3  3]   1  0.196  2.066  1.569
  4   83   RandTop   [      8    ] -1240.211    79.716   2.002  -1240.211  [ 3  5  2]  69  0.000  2.941  2.947
  4   84 softmutate  [      8    ] -1235.149    75.312   2.119  -1235.149  [ 2  4  2]  38  0.163  2.359  1.937
  4   85 softmutate  [      8    ] -1234.158    83.694   1.906  -1234.158  [ 2  3  3]   2  0.158  2.249  1.881
  4   86 softmutate  [      8    ] -1240.055    74.098   2.153  -1240.055  [ 3  3  3]  12  0.000  2.869  2.876
  4   87 softmutate  [      8    ] -1240.209    80.257   1.988  -1240.209  [ 2  3  5]  12  0.000  2.824  2.830
  4   88 softmutate  [      8    ] -1239.840    68.175   2.340  -1239.840  [ 4  3  3]  12  0.000  2.534  2.542
  4   89 softmutate  [      8    ] -1233.162    66.920   2.384  -1233.162  [ 2  5  3]  12  0.166  2.120  1.741
  5   90  Heredity   [      8    ] -1233.974    76.190   2.094  -1233.974  [ 3  3  3]   2  0.160  1.955  1.626
  5   91  Heredity   [      8    ] -1233.639    69.292   2.303  -1233.639  [ 3  3  3]   1  0.145  2.043  1.752
  5   92  Heredity   [      8    ] -1240.245    83.991   1.900  -1240.245  [ 3  5  2]  69  0.000  2.999  3.005
  5   93  Heredity   [      8    ] -1240.137    75.521   2.113  -1240.137  [ 3  3  3]  12  0.000  2.778  2.785
  5   94  Heredity   [      8    ] -1240.175    83.813   1.904  -1240.175  [ 3  5  2]  12  0.000  2.934  2.940
  5   95  Heredity   [      8    ] -1235.672    63.319   2.520  -1235.672  [ 4  3  3]   1  0.107  1.864  1.682
  5   96   Random    [      8    ] -1231.740    72.671   2.196  -1231.740  [ 3  2  4]   6  0.149  2.391  2.040
  5   97   Random    [      8    ] -1235.690    55.221   2.889  -1235.690  [ 3  4  3]  70  0.000  2.295  2.304
  5   98   Random    [      8    ] -1234.116    80.725   1.977  -1234.116  [ 3  3  3]   1  0.173  2.144  1.752
  5   99   RandTop   [      8    ] -1236.252    52.914   3.015  -1236.252  [ 3  3  4]  74  0.000  2.058  2.068
  5  100   RandTop   [      8    ] -1235.194    68.917   2.315  -1235.194  [ 4  3  2]   1  0.166  1.906  1.568
  5  101 softmutate  [      8    ] -1238.353    79.408   2.009  -1238.353  [ 3  3  3]   2  0.094  2.389  2.161
  5  102 softmutate  [      8    ] -1233.721    69.325   2.302  -1233.721  [ 3  3  3]   6  0.174  1.938  1.585
  5  103 softmutate  [      8    ] -1234.763    80.356   1.986  -1234.763  [ 2  2  4]   5  0.119  2.288  2.020
  5  104  Heredity   [      8    ] -1233.999    78.670   2.028  -1233.999  [ 3  3  3]   2  0.162  1.964  1.627
  5  105 keptBest    [      8    ] -1240.284    81.750   1.952  -1240.284  [ 3  5  2]  12  0.000  2.872  2.878
  5  106 keptBest    [      8    ] -1239.168    45.578   3.501  -1239.168  [ 3  3  3] 227  0.000  3.642  3.648
  5  107 keptBest    [      8    ] -1235.149    75.312   2.119  -1235.149  [ 2  4  2]  38  0.163  2.359  1.937
  5  108  Heredity   [      8    ] -1240.085    76.713   2.080  -1240.085  [ 3  3  3]  12  0.000  2.776  2.783
  5  109  Heredity   [      8    ] -1233.233    85.843   1.859  -1233.233  [ 3  3  3]   1  0.194  2.085  1.642
  5  110 softmutate  [      8    ] -1233.621    76.673   2.081  -1233.621  [ 3  2  3]   1  0.188  2.134  1.672
  5  111 softmutate  [      8    ] -1240.278    82.355   1.937  -1240.278  [ 3  5  2]  12  0.000  2.921  2.928
  5  112 softmutate  [      8    ] -1240.238    89.461   1.784  -1240.238  [ 2  5  2] 191  0.000  3.422  3.427
  5  113 softmutate  [      8    ] -1240.048    75.495   2.113  -1240.048  [ 3  3  3]  12  0.000  2.719  2.726
  6  114  Heredity   [      8    ] -1233.907    73.572   2.169  -1233.907  [ 3  3  3]   8  0.092  1.873  1.717
  6  115  Heredity   [      8    ] -1234.259    77.168   2.068  -1234.259  [ 3  4  2]   2  0.101  2.390  2.167
  6  116  Heredity   [      8    ] -1238.362    79.492   2.007  -1238.362  [ 3  3  3]   2  0.095  2.391  2.161
  6  117  Heredity   [      8    ] -1240.272    80.367   1.985  -1240.272  [ 3  5  2] 166  0.000  3.068  3.074
  6  118  Heredity   [      8    ] -1234.760    97.628   1.634  -1234.760  [ 3  3  2] 187  0.024  3.465  3.392
  6  119   Random    [      8    ] -1225.259    77.758   2.052  -1225.259  [ 4  4  2]   2  0.008  2.497  2.488
  6  120   Random    [      8    ] -1236.119    83.693   1.906  -1236.119  [ 3  3  3] 123  0.000  2.479  2.486
  6  121   Random    [      8    ] -1229.956    78.870   2.023  -1229.956  [ 3  3  3]  44  0.171  2.494  2.015
  6  122   RandTop   [      8    ] -1231.748    80.652   1.978  -1231.748  [ 3  2  4]   8  0.220  2.153  1.554
  6  123   RandTop   [      8    ] -1240.183    87.009   1.834  -1240.183  [ 3  5  2]  63  0.012  3.137  3.109
  6  124   RandTop   [      8    ] -1240.205    79.866   1.998  -1240.205  [ 3  5  2]  69  0.007  2.980  2.968
  6  125 softmutate  [      8    ] -1240.268    77.802   2.051  -1240.268  [ 2  5  2]  12  0.000  2.827  2.834
  6  126 softmutate  [      8    ] -1240.173    82.932   1.924  -1240.173  [ 3  5  2]  12  0.000  3.014  3.020
  6  127 keptBest    [      8    ] -1240.284    81.750   1.952  -1240.284  [ 3  5  2]  12  0.000  2.872  2.878
  6  128 keptBest    [      8    ] -1239.168    45.578   3.501  -1239.168  [ 3  3  3] 227  0.000  3.642  3.648
  6  129 keptBest    [      8    ] -1236.252    52.914   3.015  -1236.252  [ 3  3  4]  74  0.000  2.058  2.068
  6  130   Random    [      8    ] -1236.393    55.040   2.899  -1236.393  [ 3  4  3]   2  0.177  1.779  1.424
  6  131   RandTop   [      8    ] -1240.311    81.144   1.966  -1240.311  [ 4  2  3]  12  0.000  2.877  2.883
  6  132   RandTop   [      8    ] -1240.267    81.461   1.959  -1240.267  [ 3  5  2]  12  0.000  2.873  2.879
  6  133 softmutate  [      8    ] -1236.880    92.104   1.732  -1236.880  [ 3  5  2]  12  0.092  2.622  2.408
  6  134 softmutate  [      8    ] -1232.467   134.099   1.190  -1232.467  [ 2  3  4]   1  0.000  2.950  2.955
  6  135  Heredity   [      8    ] -1236.078    80.813   1.974  -1236.078  [ 3  4  3]  12  0.001  2.335  2.341
  6  136 softmutate  [      8    ] -1233.399    76.257   2.092  -1233.399  [ 2  4  3]  38  0.208  2.370  1.783
  7  137  Heredity   [      8    ] -1238.397    78.787   2.025  -1238.397  [ 3  3  3]  12  0.097  2.391  2.153
  7  138  Heredity   [      8    ] -1231.784    67.586   2.361  -1231.784  [ 3  4  2]   1  0.183  1.967  1.566
  7  139  Heredity   [      8    ] -1230.171    74.813   2.133  -1230.171  [ 4  2  2]   1  0.220  2.008  1.506
  7  140  Heredity   [      8    ] -1240.054    77.569   2.057  -1240.054  [ 3  3  3]   2  0.000  2.759  2.765
  7  141  Heredity   [      8    ] -1231.448    67.113   2.377  -1231.448  [ 4  2  3]   6  0.208  2.015  1.536
  7  142  Heredity   [      8    ] -1234.201    78.583   2.030  -1234.201  [ 2  5  2]   6  0.179  2.635  2.133
  7  143   Random    [      8    ] -1232.136    65.005   2.454  -1232.136  [ 3  3  3]   1  0.192  1.765  1.391
  7  144   Random    [      8    ] -1231.948    75.421   2.116  -1231.948  [ 3  3  3]   1  0.172  1.972  1.617
  7  145   Random    [      8    ] -1231.883    72.432   2.203  -1231.883  [ 3  3  3]   1  0.159  1.874  1.561
  7  146   RandTop   [      8    ] -1240.031    82.524   1.933  -1240.031  [ 3  3  3] 191  0.000  2.928  2.934
  7  147 softmutate  [      8    ] -1231.838   101.005   1.580  -1231.838  [ 3  3  3]  12  0.000  2.570  2.577
  7  148  Heredity   [      8    ] -1235.009    77.815   2.050  -1235.009  [ 3  3  2]  44  0.148  2.304  1.949
  7  149 keptBest    [      8    ] -1240.311    81.144   1.966  -1240.311  [ 4  2  3]  12  0.000  2.877  2.883
  7  150 keptBest    [      8    ] -1239.168    45.578   3.501  -1239.168  [ 3  3  3] 227  0.000  3.642  3.648
  7  151 keptBest    [      8    ] -1236.393    55.040   2.899  -1236.393  [ 3  4  3]   2  0.177  1.779  1.424
  7  152  Heredity   [      8    ] -1240.079    76.462   2.087  -1240.079  [ 3  3  3]  12  0.000  2.791  2.798
  7  153  Heredity   [      8    ] -1233.050    86.362   1.848  -1233.050  [ 2  5  2]  44  0.211  2.464  1.833
  7  154 softmutate  [      8    ] -1240.061    76.548   2.084  -1240.061  [ 3  3  3]  12  0.000  2.763  2.770
  7  155   Random    [      8    ] -1234.105    78.703   2.027  -1234.105  [ 3  2  3]   1  0.158  2.027  1.689
  7  156   RandTop   [      8    ] -1227.182   106.352   1.500  -1227.182  [ 4  2  2]   2  0.038  2.575  2.493
  7  157 softmutate  [      8    ] -1236.258    96.305   1.657  -1236.258  [ 2  4  3]   2  0.134  2.426  2.099
  7  158 softmutate  [      8    ] -1240.290    80.776   1.975  -1240.290  [ 3  2  5]  12  0.000  2.880  2.886
  7  159 softmutate  [      8    ] -1240.285    79.227   2.014  -1240.285  [ 2  2  5]  12  0.000  2.857  2.864
  8  160  Heredity   [      8    ] -1240.078    76.776   2.078  -1240.078  [ 3  3  3]  12  0.000  2.885  2.892
  8  161  Heredity   [      8    ] -1235.586    94.765   1.684  -1235.586  [ 3  3  3]  12  0.063  2.422  2.285
  8  162  Heredity   [      8    ] -1238.386    82.522   1.933  -1238.386  [ 3  3  3]   2  0.095  2.409  2.177
  8  163  Heredity   [      8    ] -1240.307    79.365   2.010  -1240.307  [ 5  2  3]  12  0.000  2.863  2.870
  8  164  Heredity   [      8    ] -1238.357    80.858   1.973  -1238.357  [ 3  3  3]  12  0.093  2.450  2.223
  8  165  Heredity   [      8    ] -1233.820    65.984   2.418  -1233.820  [ 3  3  3]   1  0.185  1.785  1.427
  8  166   Random    [      8    ] -1235.765    59.426   2.685  -1235.765  [ 3  3  3]   8  0.091  1.886  1.731
  8  167   Random    [      8    ] -1236.107    83.535   1.910  -1236.107  [ 3  3  3] 123  0.001  2.472  2.478
  8  168 keptBest    [      8    ] -1240.311    81.144   1.966  -1240.311  [ 4  2  3]  12  0.000  2.877  2.883
  8  169 keptBest    [      8    ] -1239.168    45.578   3.501  -1239.168  [ 3  3  3] 227  0.000  3.642  3.648
  8  170 keptBest    [      8    ] -1236.393    55.040   2.899  -1236.393  [ 3  4  3]   2  0.177  1.779  1.424
  8  171  Heredity   [      8    ] -1236.081    82.846   1.926  -1236.081  [ 3  3  3]   2  0.004  2.307  2.306
  8  172  Heredity   [      8    ] -1236.086    82.812   1.927  -1236.086  [ 3  3  3]  12  0.003  2.316  2.318
  8  173   Random    [      8    ] -1230.499    57.332   2.783  -1230.499  [ 3  3  3]   5  0.063  2.048  1.936
  8  174   Random    [      8    ] -1235.679    63.297   2.521  -1235.679  [ 3  3  4]   1  0.107  1.863  1.680
  8  175   Random    [      8    ] -1236.166    93.377   1.709  -1236.166  [ 4  2  3]  65  0.012  2.524  2.505
  8  176   Random    [      8    ] -1231.802    84.532   1.887  -1231.802  [ 3  3  3]   5  0.218  2.193  1.561
  8  177   RandTop   [      8    ] -1240.236    78.456   2.034  -1240.236  [ 5  3  2]  63  0.013  2.879  2.852
  8  178 softmutate  [      8    ] -1240.252    80.045   1.993  -1240.252  [ 2  5  2]   2  0.000  2.828  2.835
  8  179   RandTop   [      8    ] -1235.139    85.696   1.862  -1235.139  [ 5  2  2]  12  0.058  2.693  2.556
  8  180 softmutate  [      8    ] -1236.325    96.348   1.656  -1236.325  [ 3  3  2]  12  0.130  2.486  2.159
  8  181 softmutate  [      8    ] -1230.093    80.690   1.977  -1230.093  [ 3  3  3]   2  0.160  1.959  1.626
  8  182 softmutate  [      8    ] -1235.444    59.216   2.694  -1235.444  [ 3  3  4]   1  0.115  1.864  1.665
  9  183  Heredity   [      8    ] -1236.011    84.306   1.893  -1236.011  [ 3  3  2]   2  0.015  2.286  2.263
  9  184  Heredity   [      8    ] -1235.674    63.315   2.520  -1235.674  [ 3  4  3]   1  0.107  1.863  1.681
  9  185  Heredity   [      8    ] -1233.176    95.602   1.669  -1233.176  [ 3  3  3]   1  0.195  2.220  1.744
  9  186  Heredity   [      8    ] -1235.682    63.283   2.521  -1235.682  [ 3  3  4]   1  0.107  1.862  1.679
  9  187  Heredity   [      8    ] -1233.728    71.036   2.246  -1233.728  [ 3  3  3]   1  0.194  1.989  1.550
  9  188  Heredity   [      8    ] -1233.643    69.034   2.311  -1233.643  [ 3  3  2]   1  0.102  1.993  1.807
  9  189  Heredity   [      8    ] -1235.194    73.904   2.159  -1235.194  [ 4  2  3]  38  0.099  2.528  2.288
  9  190  Heredity   [      8    ] -1234.369    76.564   2.084  -1234.369  [ 3  3  3]  10  0.101  2.183  1.971
  9  191   Random    [      8    ] -1232.965    79.362   2.010  -1232.965  [ 3  2  3]   1  0.123  2.284  2.007
  9  192   Random    [      8    ] -1236.027    84.353   1.891  -1236.027  [ 3  3  3] 139  0.003  2.418  2.420
  9  193   Random    [      8    ] -1232.212    94.582   1.687  -1232.212  [ 3  3  2]  21  0.144  2.274  1.886
  9  194   RandTop   [      8    ] -1240.212    78.626   2.029  -1240.212  [ 2  5  3] 166  0.000  2.938  2.944
  9  195   RandTop   [      8    ] -1236.010    86.398   1.847  -1236.010  [ 3  3  3] 139  0.001  2.510  2.515
  9  196 softmutate  [      8    ] -1235.077    96.425   1.655  -1235.077  [ 3  2  3]   2  0.124  2.504  2.205
  9  197 CoorMutate  [      8    ] -1233.181    75.566   2.111  -1233.181  [ 3  3  3]   1  0.133  2.204  1.917
  9  198 keptBest    [      8    ] -1240.311    81.144   1.966  -1240.311  [ 4  2  3]  12  0.000  2.877  2.883
  9  199 keptBest    [      8    ] -1239.168    45.578   3.501  -1239.168  [ 3  3  3] 227  0.000  3.642  3.648
  9  200 keptBest    [      8    ] -1236.393    55.040   2.899  -1236.393  [ 3  4  3]   2  0.177  1.779  1.424
  9  201   Random    [      8    ] -1231.058    84.074   1.898  -1231.058  [ 2  2  4]  11  0.005  2.281  2.279
  9  202   Random    [      8    ] -1233.446    74.724   2.135  -1233.446  [ 3  3  3]   5  0.131  2.247  1.935
  9  203   RandTop   [      8    ] -1236.049    82.283   1.939  -1236.049  [ 3  3  3]  12  0.000  2.297  2.305
  9  204 softmutate  [      8    ] -1234.612    66.721   2.391  -1234.612  [ 3  3  3]  12  0.036  1.836  1.787
  9  205 softmutate  [      8    ] -1233.980    72.992   2.186  -1233.980  [ 4  3  2]   1  0.141  1.962  1.681
 10  206  Heredity   [      8    ] -1231.389    73.399   2.174  -1231.389  [ 3  3  3]   1  0.196  1.927  1.501
 10  207  Heredity   [      8    ] -1234.767    80.276   1.988  -1234.767  [ 4  2  2]   5  0.119  2.280  2.013
 10  208  Heredity   [      8    ] -1233.983    80.377   1.985  -1233.983  [ 3  3  3]   5  0.142  2.094  1.786
 10  209  Heredity   [      8    ] -1233.831    75.645   2.109  -1233.831  [ 2  3  3]   1  0.164  2.076  1.698
 10  210  Heredity   [      8    ] -1235.016    77.784   2.051  -1235.016  [ 3  2  3]  44  0.148  2.302  1.949
 10  211  Heredity   [      8    ] -1235.579    97.269   1.640  -1235.579  [ 3  3  3]   2  0.060  2.435  2.302
 10  212 keptBest    [      8    ] -1240.311    81.144   1.966  -1240.311  [ 4  2  3]  12  0.000  2.877  2.883
 10  213 keptBest    [      8    ] -1239.168    45.578   3.501  -1239.168  [ 3  3  3] 227  0.000  3.642  3.648
 10  214 keptBest    [      8    ] -1236.393    55.040   2.899  -1236.393  [ 3  4  3]   2  0.177  1.779  1.424
 10  215  Heredity   [      8    ] -1238.367    79.155   2.016  -1238.367  [ 3  3  3]  12  0.094  2.387  2.159
 10  216  Heredity   [      8    ] -1233.821    65.925   2.420  -1233.821  [ 3  3  3]   1  0.186  1.781  1.422
 10  217  Heredity   [      8    ] -1235.108    67.673   2.358  -1235.108  [ 3  2  4]   5  0.101  1.875  1.700
 10  218   Random    [      8    ] -1234.692    80.314   1.987  -1234.692  [ 2  2  5]   2  0.133  2.412  2.086
 10  219   Random    [      8    ] -1234.937    55.068   2.897  -1234.937  [ 3  3  4]  70  0.000  2.147  2.157
 10  220   RandTop   [      8    ] -1240.092    79.031   2.019  -1240.092  [ 3  3  3] 191  0.000  2.974  2.981
 10  221 CoorMutate  [      8    ] -1236.029    84.107   1.897  -1236.029  [ 3  3  3] 139  0.000  2.465  2.472
 10  222   Random    [      8    ] -1236.329    64.920   2.458  -1236.329  [ 4  3  3]  12  0.073  1.974  1.842
 10  223   RandTop   [      8    ] -1238.237    66.873   2.386  -1238.237  [ 2  3  5]  10  0.125  2.361  2.064
 10  224   RandTop   [      8    ] -1236.403    93.685   1.703  -1236.403  [ 3  3  2]   2  0.130  2.460  2.141
 10  225 softmutate  [      8    ] -1232.398    85.754   1.861  -1232.398  [ 2  3  3]   1  0.148  2.135  1.822
 10  226 softmutate  [      8    ] -1230.976    86.334   1.848  -1230.976  [ 2  3  3]   1  0.205  2.054  1.569
 10  227 softmutate  [      8    ] -1234.013    97.506   1.636  -1234.013  [ 3  3  3]   2  0.146  2.272  1.909
 10  228 softmutate  [      8    ] -1231.798   111.831   1.427  -1231.798  [ 3  3  2]   2  0.120  2.481  2.147
 10  229 softmutate  [      8    ] -1238.367    82.198   1.941  -1238.367  [ 3  3  3]   2  0.099  2.424  2.181
