 ID    Origin    Enthalpy   Parent-E   Parent-ID
   1   Random    -154.441  -154.441  [         0]
   2   Random    -154.697  -154.697  [         0]
   3   Random    -154.107  -154.107  [         0]
   4   Random    -153.471  -153.471  [         0]
   5   Random    -155.003  -155.003  [         0]
   6   Random    -154.881  -154.881  [         0]
   7   Random    -154.896  -154.896  [         0]
   8   Random    -154.633  -154.633  [         0]
   9   Random    -154.508  -154.508  [         0]
  10   Random    -153.931  -153.931  [         0]
  11   RandTop   -154.338  -154.338  [         0]
  12   RandTop   -154.527  -154.527  [         0]
  13   RandTop   -154.474  -154.474  [         0]
  14   RandTop   -154.016  -154.016  [         0]
  15   RandTop   -154.635  -154.635  [         0]
  16   RandTop   -154.494  -154.494  [         0]
  17   RandTop   -154.531  -154.531  [         0]
  18   RandTop   -154.879  -154.879  [         0]
  19   RandTop   -154.058  -154.058  [         0]
  20  Heredity   -153.859  -154.708  [     5  17]
  21  Heredity   -155.013  -154.963  [      5  7]
  22  Heredity   -153.826  -154.764  [      7  2]
  23  Heredity   -154.227  -154.625  [    12   7]
  24  Heredity   -153.994  -154.840  [      2  7]
  25  Heredity   -154.428  -154.949  [      6  5]
  26  Heredity   -154.460  -154.803  [     6  15]
  27   Random    -154.881  -154.881  [         0]
  28   Random    -154.496  -154.496  [         0]
  29   Random    -154.881  -154.881  [         0]
  30   RandTop   -153.471  -153.471  [         0]
  31   RandTop   -154.729  -154.729  [         0]
  32 softmutate  -154.752  -154.635  [        15]
  33 softmutate  -154.160  -154.881  [         6]
  34 keptBest    -155.003  -155.003  [         5]
  35 keptBest    -154.896  -154.896  [         7]
  36 keptBest    -154.531  -154.531  [        17]
  37  Heredity   -154.448  -154.755  [      8  6]
  38   RandTop   -154.226  -154.226  [         0]
  39 softmutate  -154.235  -154.635  [        15]
  40 softmutate  -154.797  -154.896  [         7]
  41 softmutate  -155.006  -154.633  [         8]
  42 softmutate  -154.424  -154.508  [         9]
  43 softmutate  -154.558  -154.633  [         8]
  44  Heredity   -154.239  -154.631  [    29  36]
  45  Heredity   -154.259  -154.895  [    40  21]
  46  Heredity   -155.005  -154.887  [    35  29]
  47  Heredity   -154.632  -154.935  [    35  41]
  48  Heredity   -154.632  -154.926  [    29  41]
  49  Heredity   -153.829  -154.639  [    35  28]
  50  Heredity   -154.637  -154.825  [    40  35]
  51   Random    -154.428  -154.428  [         0]
  52   Random    -154.063  -154.063  [         0]
  53   Random    -154.541  -154.541  [         0]
  54   RandTop   -155.035  -155.035  [         0]
  55 softmutate  -155.031  -154.729  [        31]
  56 softmutate  -155.004  -154.797  [        40]
  57 softmutate  -155.028  -155.013  [        21]
  58 keptBest    -155.013  -155.013  [        21]
  59 keptBest    -154.896  -154.896  [        35]
  60 keptBest    -154.558  -154.558  [        43]
  61  Heredity   -154.792  -154.814  [    21  31]
  62   RandTop   -154.095  -154.095  [         0]
  63 softmutate  -154.461  -154.896  [        35]
  64 softmutate  -155.034  -154.896  [        35]
  65 softmutate  -154.667  -154.752  [        32]
  66 softmutate  -154.669  -154.729  [        31]
  67  Heredity   -154.194  -155.013  [    54  46]
  68  Heredity   -154.034  -155.032  [    55  54]
  69  Heredity   -154.550  -155.019  [    46  55]
  70  Heredity   -154.110  -154.883  [    55  65]
  71  Heredity   -155.015  -154.797  [    46  66]
  72  Heredity   -154.117  -154.920  [    54  66]
  73   Random    -154.211  -154.211  [         0]
  74   Random    -154.051  -154.051  [         0]
  75   Random    -155.012  -155.012  [         0]
  76   RandTop   -155.035  -155.035  [         0]
  77   RandTop   -155.036  -155.036  [         0]
  78 softmutate  -155.015  -155.013  [        58]
  79 keptBest    -155.035  -155.035  [        54]
  80 keptBest    -154.896  -154.896  [        59]
  81 keptBest    -154.792  -154.792  [        61]
  82  Heredity   -154.339  -155.016  [    56  55]
  83   RandTop   -155.026  -155.026  [         0]
  84 softmutate  -154.394  -155.035  [        54]
  85 softmutate  -154.270  -155.004  [        56]
  86 softmutate  -155.007  -155.013  [        58]
  87 softmutate  -155.026  -155.013  [        58]
  88 softmutate  -154.980  -155.035  [        54]
  89 softmutate  -154.145  -155.035  [        54]
  90  Heredity   -154.247  -154.575  [    71  82]
  91  Heredity   -154.205  -155.015  [    78  71]
  92  Heredity   -155.031  -154.971  [    80  77]
  93  Heredity   -155.017  -154.941  [    80  78]
  94  Heredity   -155.022  -154.715  [    85  77]
  95  Heredity   -154.459  -154.989  [    88  71]
  96   Random    -153.968  -153.968  [         0]
  97   Random    -154.461  -154.461  [         0]
  98   Random    -154.265  -154.265  [         0]
  99   RandTop   -154.532  -154.532  [         0]
 100   RandTop   -154.399  -154.399  [         0]
 101 softmutate  -154.794  -155.015  [        78]
 102 softmutate  -154.215  -154.339  [        82]
 103 softmutate  -154.345  -154.339  [        82]
 104  Heredity   -154.250  -154.913  [    81  71]
 105 keptBest    -155.036  -155.036  [        77]
 106 keptBest    -154.896  -154.896  [        80]
 107 keptBest    -154.394  -154.394  [        84]
 108  Heredity   -155.011  -154.941  [    71  80]
 109  Heredity   -154.154  -154.926  [    78  81]
 110 softmutate  -154.203  -154.550  [        69]
 111 softmutate  -155.035  -155.036  [        77]
 112 softmutate  -155.030  -154.270  [        85]
 113 softmutate  -155.006  -154.270  [        85]
 114  Heredity   -154.238  -154.959  [   92  106]
 115  Heredity   -154.282  -154.933  [  106  105]
 116  Heredity   -154.795  -154.912  [  101   93]
 117  Heredity   -155.034  -155.026  [   93  105]
 118  Heredity   -154.345  -155.025  [    93  92]
 119   Random    -153.157  -153.157  [         0]
 120   Random    -154.515  -154.515  [         0]
 121   Random    -153.744  -153.744  [         0]
 122   RandTop   -153.969  -153.969  [         0]
 123   RandTop   -155.023  -155.023  [         0]
 124   RandTop   -155.026  -155.026  [         0]
 125 softmutate  -155.034  -155.031  [        92]
 126 softmutate  -155.022  -154.896  [       106]
 127 keptBest    -155.036  -155.036  [       105]
 128 keptBest    -154.896  -154.896  [       106]
 129 keptBest    -154.532  -154.532  [        99]
 130   Random    -154.549  -154.549  [         0]
 131   RandTop   -155.039  -155.039  [         0]
 132   RandTop   -155.033  -155.033  [         0]
 133 softmutate  -154.610  -155.031  [        92]
 134 softmutate  -154.058  -155.030  [       112]
 135  Heredity   -154.510  -155.023  [   93  112]
 136 softmutate  -154.175  -155.030  [       112]
 137  Heredity   -154.800  -154.896  [  116  117]
 138  Heredity   -153.973  -154.904  [  117  116]
 139  Heredity   -153.771  -155.036  [  117  131]
 140  Heredity   -155.007  -154.541  [  129  130]
 141  Heredity   -153.931  -154.877  [  133  131]
 142  Heredity   -154.275  -155.028  [  117  124]
 143   Random    -154.017  -154.017  [         0]
 144   Random    -153.993  -153.993  [         0]
 145   Random    -153.985  -153.985  [         0]
 146   RandTop   -155.004  -155.004  [         0]
 147 softmutate  -153.980  -154.896  [       128]
 148  Heredity   -154.376  -154.939  [  116  131]
 149 keptBest    -155.039  -155.039  [       131]
 150 keptBest    -154.896  -154.896  [       128]
 151 keptBest    -154.549  -154.549  [       130]
 152  Heredity   -155.010  -154.971  [  128  117]
 153  Heredity   -154.131  -154.429  [  133  136]
 154 softmutate  -155.008  -155.039  [       131]
 155   Random    -154.263  -154.263  [         0]
 156   RandTop   -153.398  -153.398  [         0]
 157 softmutate  -154.532  -154.532  [       129]
 158 softmutate  -155.036  -154.515  [       120]
 159 softmutate  -155.036  -154.515  [       120]
 160  Heredity   -155.010  -154.883  [  152  137]
 161  Heredity   -154.448  -154.722  [  152  155]
 162  Heredity   -154.798  -154.849  [  146  157]
 163  Heredity   -155.038  -155.024  [  149  146]
 164  Heredity   -154.795  -154.912  [  146  137]
 165  Heredity   -154.227  -154.712  [  152  144]
 166   Random    -154.471  -154.471  [         0]
 167   Random    -154.513  -154.513  [         0]
 168 keptBest    -155.039  -155.039  [       149]
 169 keptBest    -154.896  -154.896  [       150]
 170 keptBest    -154.549  -154.549  [       151]
 171  Heredity   -154.510  -154.600  [  137  157]
 172  Heredity   -154.511  -154.418  [  146  143]
 173   Random    -153.812  -153.812  [         0]
 174   Random    -154.460  -154.460  [         0]
 175   Random    -154.521  -154.521  [         0]
 176   Random    -153.975  -153.975  [         0]
 177   RandTop   -155.029  -155.029  [         0]
 178 softmutate  -155.032  -155.039  [       149]
 179   RandTop   -154.392  -154.392  [         0]
 180 softmutate  -154.541  -155.039  [       149]
 181 softmutate  -153.762  -155.004  [       146]
 182 softmutate  -154.430  -155.004  [       146]
 183  Heredity   -154.501  -154.544  [  180  170]
 184  Heredity   -154.459  -154.621  [  175  162]
 185  Heredity   -154.147  -154.475  [  161  170]
 186  Heredity   -154.460  -154.873  [  172  168]
 187  Heredity   -154.216  -154.635  [  172  162]
 188  Heredity   -154.205  -154.480  [  182  180]
 189  Heredity   -154.399  -154.812  [  168  175]
 190  Heredity   -154.296  -154.652  [  169  175]
 191   Random    -154.121  -154.121  [         0]
 192   Random    -154.503  -154.503  [         0]
 193   Random    -154.026  -154.026  [         0]
 194   RandTop   -155.027  -155.027  [         0]
 195   RandTop   -154.501  -154.501  [         0]
 196 softmutate  -154.385  -154.430  [       182]
 197 CoorMutate  -154.148  -155.010  [       160]
 198 keptBest    -155.039  -155.039  [       168]
 199 keptBest    -154.896  -154.896  [       169]
 200 keptBest    -154.549  -154.549  [       170]
 201   Random    -153.882  -153.882  [         0]
 202   Random    -154.181  -154.181  [         0]
 203   RandTop   -154.506  -154.506  [         0]
 204 softmutate  -154.327  -154.549  [       170]
 205 softmutate  -154.247  -154.430  [       182]
 206  Heredity   -153.924  -154.476  [  186  192]
 207  Heredity   -154.346  -154.761  [  200  198]
 208  Heredity   -154.248  -154.727  [  200  199]
 209  Heredity   -154.229  -154.504  [  195  203]
 210  Heredity   -154.377  -154.431  [  189  186]
 211  Heredity   -154.447  -154.480  [  186  203]
 212 keptBest    -155.039  -155.039  [       198]
 213 keptBest    -154.896  -154.896  [       199]
 214 keptBest    -154.549  -154.549  [       200]
 215  Heredity   -154.796  -154.641  [  199  200]
 216  Heredity   -154.228  -154.663  [  198  192]
 217  Heredity   -154.388  -154.823  [  198  203]
 218   Random    -154.336  -154.336  [         0]
 219   Random    -154.367  -154.367  [         0]
 220   RandTop   -155.012  -155.012  [         0]
 221 CoorMutate  -154.504  -154.503  [       192]
 222   Random    -154.541  -154.541  [         0]
 223   RandTop   -154.780  -154.780  [         0]
 224   RandTop   -154.550  -154.550  [         0]
 225 softmutate  -154.050  -154.501  [       195]
 226 softmutate  -153.872  -154.549  [       200]
 227 softmutate  -154.252  -154.503  [       192]
 228 softmutate  -153.975  -154.549  [       200]
 229 softmutate  -154.796  -154.549  [       200]
