#  E (eV)   dos(E)     Int dos(E) EFermi =   -0.568 eV
 -15.000  0.4997E-84  0.4997E-85
 -14.900  0.4997E-84  0.9994E-85
 -14.800  0.4997E-84  0.1499E-84
 -14.700  0.4997E-84  0.1999E-84
 -14.600  0.4997E-84  0.2498E-84
 -14.500  0.4997E-84  0.2998E-84
 -14.400  0.4997E-84  0.3498E-84
 -14.300  0.4997E-84  0.3998E-84
 -14.200  0.4997E-84  0.4497E-84
 -14.100  0.4997E-84  0.4997E-84
 -14.000  0.4997E-84  0.5497E-84
 -13.900  0.4997E-84  0.5996E-84
 -13.800  0.4997E-84  0.6496E-84
 -13.700  0.4997E-84  0.6996E-84
 -13.600  0.4997E-84  0.7495E-84
 -13.500  0.4997E-84  0.7995E-84
 -13.400  0.4997E-84  0.8495E-84
 -13.300  0.4997E-84  0.8995E-84
 -13.200  0.4997E-84  0.9494E-84
 -13.100  0.4997E-84  0.9994E-84
 -13.000  0.1950E-82  0.2949E-83
 -12.900  0.6401E-71  0.6401E-72
 -12.800  0.2948E-60  0.2948E-61
 -12.700  0.1859E-50  0.1859E-51
 -12.600  0.1610E-41  0.1610E-42
 -12.500  0.1920E-33  0.1920E-34
 -12.400  0.3171E-26  0.3171E-27
 -12.300  0.7301E-20  0.7301E-21
 -12.200  0.2370E-14  0.2370E-15
 -12.100  0.1105E-09  0.1105E-10
 -12.000  0.7608E-06  0.7609E-07
 -11.900  0.8087E-03  0.8094E-04
 -11.800  0.1406E+00  0.1414E-01
 -11.700  0.4310E+01  0.4451E+00
 -11.600  0.2640E+02  0.3085E+01
 -11.500  0.3720E+02  0.6805E+01
 -11.400  0.1135E+02  0.7939E+01
 -11.300  0.6020E+00  0.8000E+01
 -11.200  0.4813E-02  0.8000E+01
 -11.100  0.5483E-05  0.8000E+01
 -11.000  0.8722E-09  0.8000E+01
 -10.900  0.1922E-13  0.8000E+01
 -10.800  0.5842E-19  0.8000E+01
 -10.700  0.2442E-25  0.8000E+01
 -10.600  0.1401E-32  0.8000E+01
 -10.500  0.1100E-40  0.8000E+01
 -10.400  0.1181E-49  0.8000E+01
 -10.300  0.1733E-59  0.8000E+01
 -10.200  0.3466E-70  0.8000E+01
 -10.100  0.9497E-82  0.8000E+01
 -10.000  0.4997E-84  0.8000E+01
  -9.900  0.4997E-84  0.8000E+01
  -9.800  0.4997E-84  0.8000E+01
  -9.700  0.4997E-84  0.8000E+01
  -9.600  0.4997E-84  0.8000E+01
  -9.500  0.4997E-84  0.8000E+01
  -9.400  0.4997E-84  0.8000E+01
  -9.300  0.4997E-84  0.8000E+01
  -9.200  0.4997E-84  0.8000E+01
  -9.100  0.4997E-84  0.8000E+01
  -9.000  0.4997E-84  0.8000E+01
  -8.900  0.4997E-84  0.8000E+01
  -8.800  0.4997E-84  0.8000E+01
  -8.700  0.4997E-84  0.8000E+01
  -8.600  0.4997E-84  0.8000E+01
  -8.500  0.4997E-84  0.8000E+01
  -8.400  0.2399E-76  0.8000E+01
  -8.300  0.2680E-65  0.8000E+01
  -8.200  0.4094E-55  0.8000E+01
  -8.100  0.8575E-46  0.8000E+01
  -8.000  0.2468E-37  0.8000E+01
  -7.900  0.9801E-30  0.8000E+01
  -7.800  0.5397E-23  0.8000E+01
  -7.700  0.4154E-17  0.8000E+01
  -7.600  0.4523E-12  0.8000E+01
  -7.500  0.7124E-08  0.8000E+01
  -7.400  0.1691E-04  0.8000E+01
  -7.300  0.6541E-02  0.8001E+01
  -7.200  0.4629E+00  0.8047E+01
  -7.100  0.6583E+01  0.8705E+01
  -7.000  0.1917E+02  0.1062E+02
  -6.900  0.1192E+02  0.1181E+02
  -6.800  0.1791E+01  0.1199E+02
  -6.700  0.6489E-01  0.1200E+02
  -6.600  0.4644E-03  0.1200E+02
  -6.500  0.5505E-06  0.1200E+02
  -6.400  0.9887E-10  0.1200E+02
  -6.300  0.2578E-14  0.1200E+02
  -6.200  0.9546E-20  0.1200E+02
  -6.100  0.4952E-26  0.1200E+02
  -6.000  0.3569E-33  0.1200E+02
  -5.900  0.3553E-41  0.1200E+02
  -5.800  0.4867E-50  0.1200E+02
  -5.700  0.9145E-60  0.1200E+02
  -5.600  0.2352E-70  0.1200E+02
  -5.500  0.8315E-82  0.1200E+02
  -5.400  0.4997E-84  0.1200E+02
  -5.300  0.4997E-84  0.1200E+02
  -5.200  0.4997E-84  0.1200E+02
  -5.100  0.4997E-84  0.1200E+02
  -5.000  0.4997E-84  0.1200E+02
  -4.900  0.4997E-84  0.1200E+02
  -4.800  0.4997E-84  0.1200E+02
  -4.700  0.4997E-84  0.1200E+02
  -4.600  0.4997E-84  0.1200E+02
  -4.500  0.4997E-84  0.1200E+02
  -4.400  0.4997E-84  0.1200E+02
  -4.300  0.7855E-84  0.1200E+02
  -4.200  0.1250E-72  0.1200E+02
  -4.100  0.7445E-62  0.1200E+02
  -4.000  0.6101E-52  0.1200E+02
  -3.900  0.6900E-43  0.1200E+02
  -3.800  0.1081E-34  0.1200E+02
  -3.700  0.2356E-27  0.1200E+02
  -3.600  0.7179E-21  0.1200E+02
  -3.500  0.3075E-15  0.1200E+02
  -3.400  0.1868E-10  0.1200E+02
  -3.300  0.1630E-06  0.1200E+02
  -3.200  0.2084E-03  0.1200E+02
  -3.100  0.4040E-01  0.1200E+02
  -3.000  0.1259E+01  0.1213E+02
  -2.900  0.7112E+01  0.1284E+02
  -2.800  0.1011E+02  0.1385E+02
  -2.700  0.8392E+01  0.1469E+02
  -2.600  0.8005E+01  0.1549E+02
  -2.500  0.4448E+01  0.1594E+02
  -2.400  0.6200E+00  0.1600E+02
  -2.300  0.2896E+00  0.1603E+02
  -2.200  0.3732E+01  0.1640E+02
  -2.100  0.1212E+02  0.1761E+02
  -2.000  0.1511E+02  0.1912E+02
  -1.900  0.1378E+02  0.2050E+02
  -1.800  0.1132E+02  0.2164E+02
  -1.700  0.8384E+01  0.2247E+02
  -1.600  0.1037E+02  0.2351E+02
  -1.500  0.5271E+01  0.2404E+02
  -1.400  0.5793E+01  0.2462E+02
  -1.300  0.1530E+02  0.2615E+02
  -1.200  0.1723E+02  0.2787E+02
  -1.100  0.1416E+02  0.2929E+02
  -1.000  0.1848E+02  0.3113E+02
  -0.900  0.1966E+02  0.3310E+02
  -0.800  0.1263E+02  0.3436E+02
  -0.700  0.8227E+01  0.3518E+02
  -0.600  0.6373E+01  0.3582E+02
  -0.500  0.1699E+01  0.3599E+02
  -0.400  0.8290E-01  0.3600E+02
  -0.300  0.6313E-03  0.3600E+02
  -0.200  0.7176E-06  0.3600E+02
  -0.100  0.4294E-05  0.3600E+02
   0.000  0.1262E-02  0.3600E+02
   0.100  0.7101E-01  0.3601E+02
   0.200  0.1028E+01  0.3611E+02
   0.300  0.4845E+01  0.3659E+02
   0.400  0.8650E+01  0.3746E+02
   0.500  0.1036E+02  0.3850E+02
   0.600  0.1142E+02  0.3964E+02
   0.700  0.7753E+01  0.4041E+02
   0.800  0.7452E+01  0.4116E+02
   0.900  0.7179E+01  0.4188E+02
   1.000  0.8837E+01  0.4276E+02
   1.100  0.7049E+01  0.4346E+02
   1.200  0.2853E+01  0.4375E+02
   1.300  0.1503E+01  0.4390E+02
   1.400  0.7773E+00  0.4398E+02
   1.500  0.2090E+00  0.4400E+02
   1.600  0.1591E-01  0.4400E+02
   1.700  0.2366E-03  0.4400E+02
