CELL_PARAMETERS (angstrom)
   7.406997183   0.000000000   0.000000000
   0.000000000   7.406997183   0.000000000
   0.000000000   0.000000000   4.667673084
CELL_PARAMETERS (angstrom)
   7.518049269   0.000000000   0.000000000
   0.000000000   7.518049269   0.000000000
   0.000000000   0.000000000   4.872346355
CELL_PARAMETERS (angstrom)
   7.480014402   0.000000000   0.000000000
   0.000000000   7.480014402   0.000000000
   0.000000000   0.000000000   4.831686704
CELL_PARAMETERS (angstrom)
   7.517348244   0.000000000   0.000000000
   0.000000000   7.517348244   0.000000000
   0.000000000   0.000000000   4.841267285
CELL_PARAMETERS (angstrom)
   7.530120570   0.000000000   0.000000000
   0.000000000   7.530120570   0.000000000
   0.000000000   0.000000000   4.857457402
CELL_PARAMETERS (angstrom)
   7.520351823   0.000000000   0.000000000
   0.000000000   7.520351823   0.000000000
   0.000000000   0.000000000   4.858384285
CELL_PARAMETERS (angstrom)
   7.523156528   0.000000000   0.000000000
   0.000000000   7.523156528   0.000000000
   0.000000000   0.000000000   4.858329942
