testing
0.1500 accuracy
2  form of lattice parameters: to be entered as lengths and angles
 8.777  8.777 12.548 90.000 90.000 90.000 a,b,c,alpha,beta,gamma
1  form of primitive lattice vectors
1 0 0 primitive lattice vectors
0 1 0
0 0 1
  20 number of atoms in the primitive unit cell
 1 1 1 1 2 2 2 2 3 3 3 3 3 3 3 3 3 3 3 3 type of each atom
    0.000000     0.500000     1.109232
    0.000000     0.500000     0.390772
    0.500000     0.000000     0.609228
    0.500000     0.000000    -0.109232
    0.499777     0.182912     0.250000
    0.500223     0.817088     0.250000
    0.182912     0.500223     0.750000
    0.817088     0.499777     0.750000
    0.999997     0.282527     0.894960
    0.999925     0.717471     0.605035
    0.000075     0.282529     0.605035
    0.000003     0.717473     0.894960
    0.282529     0.999925     0.394965
    0.282527     0.000003     0.105040
    0.717473     0.999997     0.105040
    0.717471     0.000075     0.394965
   -0.000003     0.806372     0.250005
    0.000003     0.193628     0.250005
    0.806372     0.000003     0.749995
    0.193628    -0.000003     0.749995
